med dm gdmv gdma gv ga xsec unc
350 1 1 0 0.25 0 6.3622443 0.0092091705
350 1 0 0.001 0 0.25 1.66364678963e-05 2.44038371697e-08
350 1 0 0.005 0 0.25 0.00041589648615 6.10491922861e-07
350 1 0 0.01 0 0.25 0.00166339494151 2.44691270074e-06
350 1 0 0.03 0 0.25 0.0149522610965 2.24939969297e-05
350 1 0 0.05 0 0.25 0.0414328000212 6.50595566222e-05
350 1 0 0.07 0 0.25 0.0809123409229 0.000134875345111
350 1 0 0.12 0 0.25 0.234400762085 0.00047488817599
350 1 0 0.14 0 0.25 0.316579409923 0.000698773859021
350 1 0 0.16 0 0.25 0.409835115773 0.000985186013035
350 1 0 0.18 0 0.25 0.513548954697 0.00134098070703
350 1 0 0.1 0 0.25 0.163858036131 0.000305476531099
350 1 0 0.225 0 0.25 0.781610895554 0.00241742372683
350 1 0 0.25 0 0.25 0.94890308263 0.00318320345944
350 1 0 0.275 0 0.25 1.12743205432 0.00406074140832
350 1 0 0.2 0 0.25 0.627051522173 0.00177118500641
350 1 0 0.3 0 0.25 1.3156851103 0.00503534370255
350 1 0 0.4 0 0.25 2.13646406619 0.00942148864204
350 1 0 0.5 0 0.25 3.00232116808 0.0131783360943
350 1 0 0.6 0 0.25 3.84726978468 0.0148389943924
350 1 0 0.7 0 0.25 4.62968188984 0.0141344456066
350 1 0 0.9 0 0.25 5.93744958479 0.00978689894518
350 1 0 1.0 0 0.01 0.0166797344622 2.40747237159e-05
350 1 0 1.0 0 0.03 0.148964809181 0.000225693589511
350 1 0 1.0 0 0.05 0.407527620253 0.000668772531753
350 1 0 1.0 0 0.07 0.781000400108 0.00139868880634
350 1 0 1.0 0 0.1 1.52184141998 0.00301857132818
350 1 0 1.0 0 0.12 2.10898821753 0.00431749630164
350 1 0 1.0 0 0.14 2.74802667384 0.00560634487017
350 1 0 1.0 0 0.16 3.42026508769 0.00671502508089
350 1 0 1.0 0 0.18 4.1087556852 0.00753007393547
350 1 0 1.0 0 0.2 4.79889784823 0.00804578025654
350 1 0 1.0 0 0.225 5.64585661509 0.00848029430353
350 1 0 1.0 0 0.25 6.4590601961 0.00920901422323
350 1 0 1.0 0 0.275 7.22653946636 0.0110462426442
350 1 0 1.0 0 0.3 7.94117820947 0.014965152051
350 1 0 1.0 0 0.4 10.2434253523 0.0708234276991
350 1 0 1.0 0 0.5 11.7722532657 0.222830957361
350 1 0 1.0 0 0.75 13.5235398188 1.04287914535
350 1 0 1.0 0 1 13.7175432494 2.19926253294
350 1 0 1.1 0 0.25 6.90094420286 0.0115460586438
350 1 0 1.3 0 0.25 7.58452673829 0.0285200457686
350 1 0 1.6 0 0.25 8.24665154007 0.090199568941
350 1 0 2.0 0 0.25 8.71533546799 0.236726803345
350 1 0.0005 0.0005 0.125 0.125 7.69375300148e-06 1.19798330182e-08
350 1 0.001 0 0.25 0 1.66372392705e-05 2.44049989815e-08
350 1 0.0025 0.0025 0.125 0.125 0.000192337252984 3.00038490374e-07
350 1 0.005 0 0.25 0 0.000415915769773 6.10521007661e-07
350 1 0.005 0.005 0.125 0.125 0.000769266606335 1.20693314897e-06
350 1 0.015 0.015 0.125 0.125 0.00691549401368 1.15101044466e-05
350 1 0.01 0 0.25 0 0.00166347206681 2.44702953336e-06
350 1 0.025 0.025 0.125 0.125 0.0191659404923 3.55242319498e-05
350 1 0.035 0.035 0.125 0.125 0.0374373004006 7.98446422871e-05
350 1 0.03 0 0.25 0 0.0149529543434 2.24950955044e-05
350 1 0.05 0 0.25 0 0.0414347140308 6.50628516066e-05
350 1 0.05 0.05 0.125 0.125 0.075853548173 0.00020548362872
350 1 0.06 0.06 0.125 0.125 0.108555862548 0.000346059273543
350 1 0.07 0 0.25 0 0.0809160649943 0.000134882500321
350 1 0.07 0.07 0.125 0.125 0.146687888465 0.000547569325328
350 1 0.08 0.08 0.125 0.125 0.190006271265 0.000823629971706
350 1 0.09 0.09 0.125 0.125 0.238240788873 0.00118726433331
350 1 0.1125 0.1125 0.125 0.125 0.363195154029 0.002382757459
350 1 0.125 0.125 0.125 0.125 0.441387142687 0.0032984564248
350 1 0.12 0 0.25 0 0.234411394375 0.000474916330876
350 1 0.1375 0.1375 0.125 0.125 0.525010742129 0.00440306963221
350 1 0.14 0 0.25 0 0.316593666251 0.000698816713792
350 1 0.15 0.15 0.125 0.125 0.613391015532 0.00569466478186
350 1 0.16 0 0.25 0 0.409853309215 0.000985247345459
350 1 0.18 0 0.25 0 0.513571509956 0.00134106537236
350 1 0.1 0 0.25 0 0.163865496179 0.000305493844058
350 1 0.1 0.1 0.125 0.125 0.29109845967 0.00165014174056
350 1 0.225 0 0.25 0 0.781644273677 0.0024175766385
350 1 0.25 0 0.25 0 0.94894276972 0.00318340058426
350 1 0.25 0.25 0.125 0.125 1.41459527403 0.0204426542256
350 1 0.275 0 0.25 0 1.1274782524 0.00406098589581
350 1 0.2 0 0.25 0 0.627078772761 0.00177129773354
350 1 0.2 0.2 0.125 0.125 1.00117137494 0.0124407829465
350 1 0.35 0.35 0.125 0.125 2.20387471775 0.0331186161578
350 1 0.3 0 0.25 0 1.31573795229 0.00503563672152
350 1 0.3 0.3 0.125 0.125 1.82237134299 0.0277809301899
350 1 0.45 0.45 0.125 0.125 2.8509781718 0.0368635437528
350 1 0.4 0 0.25 0 2.13654172371 0.00942191226522
350 1 0.55 0.55 0.125 0.125 3.33763023308 0.03489369059
350 1 0.5 0 0.25 0 3.00241724444 0.0131786712387
350 1 0.5 0.5 0.005 0.005 0.0079090216925 1.21718250578e-05
350 1 0.5 0.5 0.015 0.015 0.0706572092882 0.000140342381705
350 1 0.5 0.5 0.025 0.025 0.193420294268 0.000547009672747
350 1 0.5 0.5 0.035 0.035 0.371013543658 0.00147265272314
350 1 0.5 0.5 0.05 0.05 0.724253143572 0.00432861777527
350 1 0.5 0.5 0.06 0.06 1.00512224904 0.00736955950928
350 1 0.5 0.5 0.07 0.07 1.31174399882 0.0112526930704
350 1 0.5 0.5 0.08 0.08 1.63536427685 0.0157680761467
350 1 0.5 0.5 0.09 0.09 1.96798281085 0.0206243674074
350 1 0.5 0.5 0.1125 0.1125 2.715133242 0.0312507508907
350 1 0.5 0.5 0.125 0.125 3.11318134432 0.0362407065297
350 1 0.5 0.5 0.1375 0.1375 3.49076858959 0.0403205324072
350 1 0.5 0.5 0.15 0.15 3.84413580794 0.0435237552456
350 1 0.5 0.5 0.1 0.1 2.30263971567 0.0255112081718
350 1 0.5 0.5 0.25 0.25 5.76101027371 0.0659107555731
350 1 0.5 0.5 0.2 0.2 4.99369798072 0.0520271344949
350 1 0.5 0.5 0.375 0.375 6.64490175616 0.173730117346
350 1 0.5 0.5 0.5 0.5 6.82024370931 0.382583678247
350 1 0.65 0.65 0.125 0.125 3.68931756477 0.0323111544782
350 1 0.6 0 0.25 0 3.84737681595 0.0148390330263
350 1 0.7 0 0.25 0 4.6297937578 0.0141341478168
350 1 0.8 0.8 0.125 0.125 4.03232163788 0.033323140132
350 1 0.9 0 0.25 0 5.93755022015 0.0097864953557
350 1 1.0 0 0.01 0 0.0166796915891 2.40746418491e-05
350 1 1.0 0 0.03 0 0.148964476054 0.0002256906671
350 1 1.0 0 0.05 0 0.40752697528 0.000668753868226
350 1 1.0 0 0.07 0 0.780999902648 0.00139862798005
350 1 1.0 0 0.12 0 2.10899499373 0.0043171996617
350 1 1.0 0 0.14 0 2.74803996338 0.00560593493433
350 1 1.0 0 0.16 0 3.42028457528 0.00671451005296
350 1 1.0 0 0.18 0 4.10878994031 0.00752954999201
350 1 1.0 0 0.1 0 1.5218425774 0.00301837977357
350 1 1.0 0 0.225 0 5.64592254948 0.00848002193541
350 1 1.0 0 0.275 0 7.2266563128 0.0110470612852
350 1 1.0 0 0.2 0 4.79894653265 0.00804530912536
350 1 1.0 0 0.3 0 7.9413282431 0.0149669216701
350 1 1.0 0 0.4 0 10.243691864 0.0708334491843
350 1 1.0 0 0.5 0 11.7726348403 0.22285953307
350 1 1.0 0 0.75 0 13.5241369461 1.04300989751
350 1 1.0 0 1 0 13.7182755008 2.19955254726
350 1 1.0 1.0 0.125 0.125 4.2716816944 0.0472543837245
350 1 1.1 0 0.25 0 6.90102697898 0.0115472452454
350 1 1.3 0 0.25 0 7.5845909721 0.0285247475414
350 1 1.6 0 0.25 0 8.24670039969 0.0902126800767
350 1 2.0 0 0.25 0 8.71537516779 0.236755271427
