med dm gdmv gdma gv ga xsec unc
100 350 1 0 0.25 0 0.0050703843 7.0773394e-06
100 350 0 0.01 0 0.01 3.48494123101e-08 5.16620631952e-11
100 350 0 0.01 0 0.05 8.7123530773e-07 1.29390078304e-09
100 350 0 0.01 0 0.1 3.48494122962e-06 5.20496817022e-09
100 350 0 0.01 0 0.2 1.39397648354e-05 2.1289713196e-08
100 350 0 0.01 0 0.25 2.17808823558e-05 3.38157710645e-08
100 350 0 0.01 0 0.3 3.13644700698e-05 4.96637558429e-08
100 350 0 0.01 0 0.5 8.71235091425e-05 1.53616200705e-07
100 350 0 0.01 0 0.75 0.000196027697835 4.14460383333e-07
100 350 0 0.01 0 1 0.000348492738619 9.08112319155e-07
100 350 0 0.05 0 0.01 8.71235307751e-07 1.29390078308e-09
100 350 0 0.05 0 0.05 2.17808826932e-05 3.38157715736e-08
100 350 0 0.05 0 0.1 8.71235307405e-05 1.5361623621e-07
100 350 0 0.05 0 0.2 0.000348494120885 9.08115339734e-07
100 350 0 0.05 0 0.25 0.000544522058894 1.76305176592e-06
100 350 0 0.05 0 0.3 0.000784111751744 3.14444844554e-06
100 350 0 0.05 0 0.5 0.00217808772856 1.85229226509e-05
100 350 0 0.05 0 0.75 0.00490069244588 8.46917069332e-05
100 350 0 0.05 0 1 0.00871231846548 0.000257622528011
100 350 0 0.1 0 0.01 3.48494123101e-06 5.20496817225e-09
100 350 0 0.1 0 0.05 8.7123530773e-05 1.53616236263e-07
100 350 0 0.1 0 0.1 0.000348494122962 9.08115344272e-07
100 350 0 0.1 0 0.2 0.00139397648354 8.33086773186e-06
100 350 0 0.1 0 0.25 0.00217808823558 1.85229256801e-05
100 350 0 0.1 0 0.3 0.00313644700698 3.63634756505e-05
100 350 0 0.1 0 0.5 0.00871235091425 0.000257623161019
100 350 0 0.1 0 0.75 0.0196027697835 0.00126789429461
100 350 0 0.1 0 1 0.0348492738619 0.00396698661245
100 350 0 0.25 0 0.01 2.17808826938e-05 3.38157715744e-08
100 350 0 0.25 0 0.05 0.000544522067331 1.76305178779e-06
100 350 0 0.25 0 0.1 0.00217808826851 1.85229258769e-05
100 350 0 0.25 0 0.2 0.00871235302213 0.00025762320214
100 350 0 0.25 0 0.25 0.0136130514724 0.000617612224968
100 350 0 0.25 0 0.3 0.0196027937936 0.00126789530456
100 350 0 0.25 0 0.5 0.0544521932141 0.00963964658705
100 350 0 0.25 0 0.75 0.122517311147 0.048573666017
100 350 0 0.25 0 1 0.217807961637 0.153265388221
100 350 0 0.2 0 0.01 1.3939764924e-05 2.12897133282e-08
100 350 0 0.2 0 0.05 0.000348494123092 9.08115344556e-07
100 350 0 0.2 0 0.1 0.00139397649185 8.330867768e-06
100 350 0 0.2 0 0.2 0.00557590593417 0.000108497972894
100 350 0 0.2 0 0.25 0.00871235294231 0.000257623200582
100 350 0 0.2 0 0.3 0.0125457880279 0.000526024812495
100 350 0 0.2 0 0.5 0.034849403657 0.00396699617073
100 350 0 0.2 0 0.75 0.0784110791341 0.0199376166484
100 350 0 0.2 0 1 0.139397095448 0.0628518904563
100 350 0 0.3 0 0.01 3.13644710791e-05 4.96637573855e-08
100 350 0 0.3 0 0.05 0.000784111776957 3.14444852338e-06
100 350 0 0.3 0 0.1 0.00313644710666 3.63634764439e-05
100 350 0 0.3 0 0.2 0.0125457883519 0.000526024821388
100 350 0 0.3 0 0.25 0.0196027941202 0.00126789531829
100 350 0 0.3 0 0.3 0.0282280230628 0.00261069674021
100 350 0 0.3 0 0.5 0.0784111582283 0.0199376296091
100 350 0 0.3 0 0.75 0.176424928052 0.100607285471
100 350 0 0.3 0 1 0.313643464757 0.317606543551
100 350 0 0.5 0 0.01 8.71235307751e-05 1.53616236267e-07
100 350 0 0.5 0 0.05 0.00217808826932 1.85229258817e-05
100 350 0 0.5 0 0.1 0.00871235307405 0.000257623203152
100 350 0 0.5 0 0.2 0.0348494120885 0.00396699679164
100 350 0 0.5 0 0.25 0.0544522058894 0.00963964803511
100 350 0 0.5 0 0.3 0.0784111751744 0.0199376323859
100 350 0 0.5 0 0.5 0.217808772856 0.153265755358
100 350 0 0.5 0 0.75 0.490069244588 0.774999330864
100 350 0 0.5 0 1 0.871231846548 2.44837186564
100 350 0 0.7 0 0.01 0.000170762120319 3.47132205726e-07
100 350 0 0.7 0 0.05 0.00426905300788 6.50826738794e-05
100 350 0 0.7 0 0.1 0.0170762120251 0.000965385304488
100 350 0 0.7 0 0.2 0.0683048476935 0.0151424149044
100 350 0 0.7 0 0.25 0.106726323543 0.0368797969393
100 350 0 0.7 0 0.3 0.153685903342 0.076373708646
100 350 0 0.7 0 0.5 0.426905194798 0.588178226114
100 350 0 0.7 0 0.75 0.960535719392 2.97587055655
100 350 0 0.7 0 1 1.70761441923 9.40323536928
100 350 0 0.9 0 0.01 0.000282280239711 6.75316367127e-07
100 350 0 0.9 0 0.05 0.00705700599261 0.000171014130869
100 350 0 0.9 0 0.1 0.0282280239599 0.00261069679398
100 350 0 0.9 0 0.2 0.112912095167 0.0412690313484
100 350 0 0.9 0 0.25 0.176425147082 0.100607365826
100 350 0 0.9 0 0.3 0.254052207565 0.20845373287
100 350 0 0.9 0 0.5 0.705700424054 1.60657938043
100 350 0 0.9 0 0.75 1.58782435246 8.13036075165
100 350 0 0.9 0 1 2.82279118281 25.6926556791
100 350 0 1.0 0 0.01 0.000348494123101 9.08115344575e-07
100 350 0 1.0 0 0.05 0.0087123530773 0.000257623203216
100 350 0 1.0 0 0.1 0.0348494122962 0.00396699680693
100 350 0 1.0 0 0.2 0.139397648354 0.0628520508958
100 350 0 1.0 0 0.25 0.217808823558 0.153265778304
100 350 0 1.0 0 0.3 0.313644700698 0.317607348227
100 350 0 1.0 0 0.5 0.871235091425 2.44837772559
100 350 0 1.0 0 0.75 1.96027697835 12.3912719922
100 350 0 1.0 0 1 3.48492738619 39.1584524666
100 350 0 1.1 0 0.01 0.000421677888952 1.19830832229e-06
100 350 0 1.1 0 0.05 0.0105419472235 0.000373904547986
100 350 0 1.1 0 0.1 0.0421677888784 0.00579495368966
100 350 0 1.1 0 0.2 0.168671154509 0.0919691823754
100 350 0 1.1 0 0.25 0.263548676505 0.22431438642
100 350 0 1.1 0 0.3 0.379510087844 0.464890781525
100 350 0 1.1 0 0.5 1.05419446062 3.58434166973
100 350 0 1.1 0 0.75 2.37193514381 18.1413229683
100 350 0 1.1 0 1 4.21676213729 57.330577628
100 350 0 1.3 0 0.01 0.00058895506804 1.99128257349e-06
100 350 0 1.3 0 0.05 0.0147238767006 0.000720737989151
100 350 0 1.3 0 0.1 0.0588955067806 0.0112699010141
100 350 0 1.3 0 0.2 0.235582025719 0.1792707883
100 350 0 1.3 0 0.25 0.368096911813 0.437365898382
100 350 0 1.3 0 0.3 0.530059544179 0.906576200193
100 350 0 1.3 0 0.5 1.47238730451 6.99130565827
100 350 0 1.3 0 0.75 3.31286809341 35.3873235217
100 350 0 1.3 0 1 5.88952728266 111.834432257
100 350 0 1.6 0 0.01 0.000892144955137 3.88840492941e-06
100 350 0 1.6 0 0.05 0.0223036238779 0.00163678392978
100 350 0 1.6 0 0.1 0.0892144954783 0.0257918082947
100 350 0 1.6 0 0.2 0.356857979787 0.411081992839
100 350 0 1.6 0 0.25 0.557590588308 1.00315321734
100 350 0 1.6 0 0.3 0.802930433786 2.07961479959
100 350 0 1.6 0 0.5 2.23036183405 16.0405307142
100 350 0 1.6 0 0.75 5.01830906458 81.1958356561
100 350 0 1.6 0 1 8.92141410865 256.608203968
100 350 0 2.0 0 0.01 0.0013939764924 8.33086777041e-06
100 350 0 2.0 0 0.05 0.0348494123092 0.00396699680789
100 350 0 2.0 0 0.1 0.139397649185 0.0628520511369
100 350 0 2.0 0 0.2 0.557590593417 1.00315322325
100 350 0 2.0 0 0.25 0.871235294231 2.44837809184
100 350 0 2.0 0 0.3 1.25457880279 5.07613849185
100 350 0 2.0 0 0.5 3.4849403657 39.1585461689
100 350 0 2.0 0 0.75 7.84110791341 198.225482668
100 350 0 2.0 0 1 13.9397095448 626.473249931
100 350 0.005 0.005 0.005 0.005 4.4510092629e-09 6.61404011924e-12
100 350 0.005 0.005 0.025 0.025 1.11275231572e-07 1.65409233972e-10
100 350 0.005 0.005 0.05 0.05 4.45100926247e-07 6.62364823223e-10
100 350 0.005 0.005 0.15 0.15 4.00590830488e-06 6.03116055145e-09
100 350 0.005 0.005 0.1 0.1 1.78040370238e-06 2.6611054873e-09
100 350 0.005 0.005 0.25 0.25 1.1127522477e-05 1.7141429448e-08
100 350 0.005 0.005 0.375 0.375 2.50369193555e-05 4.02741923625e-08
100 350 0.005 0.005 0.5 0.5 4.45100490936e-05 7.58445237113e-08
100 350 0.005 0.005 1.0 1.0 0.000178037584311 4.19834484247e-07
100 350 0.01 0 0.01 0 8.14667381799e-10 1.13237432318e-12
100 350 0.01 0 0.05 0 2.03666845444e-08 2.83093580788e-11
100 350 0.01 0 0.1 0 8.1466738144e-08 1.13237432269e-10
100 350 0.01 0 0.25 0 5.09167104868e-07 7.0773394e-10
100 350 0.01 0 0.2 0 3.25866950424e-07 4.52949726131e-10
100 350 0.01 0 0.3 0 7.33200617473e-07 1.01913685506e-09
100 350 0.01 0 0.5 0 2.0366678941e-06 2.83093504058e-09
100 350 0.01 0 0.75 0 4.58249763934e-06 6.36959682697e-09
100 350 0.01 0 1 0 8.14663795271e-06 1.13236941197e-08
100 350 0.025 0.025 0.005 0.005 1.11275231573e-07 1.65409233973e-10
100 350 0.025 0.025 0.025 0.025 2.7818807893e-06 4.17162521918e-09
100 350 0.025 0.025 0.05 0.05 1.11275231562e-05 1.71414304987e-08
100 350 0.025 0.025 0.15 0.15 0.000100147707622 1.97946116899e-07
100 350 0.025 0.025 0.1 0.1 4.45100925594e-05 7.5844595863e-08
100 350 0.025 0.025 0.25 0.25 0.000278188061925 7.92479419692e-07
100 350 0.025 0.025 0.375 0.375 0.000625922983887 2.84931939083e-06
100 350 0.025 0.025 0.5 0.5 0.00111275122734 7.71920834212e-06
100 350 0.025 0.025 1.0 1.0 0.00445093960777 0.000103664442375
100 350 0.05 0 0.01 0 2.0366684545e-08 2.83093580796e-11
100 350 0.05 0 0.05 0 5.0916711361e-07 7.07733951971e-10
100 350 0.05 0 0.1 0 2.0366684536e-06 2.83093580673e-09
100 350 0.05 0 0.25 0 1.27291776217e-05 1.76933485e-08
100 350 0.05 0 0.2 0 8.1466737606e-06 1.13237431533e-08
100 350 0.05 0 0.3 0 1.83300154368e-05 2.54784213766e-08
100 350 0.05 0 0.5 0 5.09166973525e-05 7.07733760145e-08
100 350 0.05 0 0.75 0 0.000114562440984 1.59239920674e-07
100 350 0.05 0 1 0 0.000203665948818 2.83092352993e-07
100 350 0.05 0.05 0.005 0.005 4.4510092629e-07 6.62364823289e-10
100 350 0.05 0.05 0.025 0.025 1.11275231572e-05 1.71414305003e-08
100 350 0.05 0.05 0.05 0.05 4.45100926247e-05 7.58445959714e-08
100 350 0.05 0.05 0.15 0.15 0.000400590830488 1.38137325651e-06
100 350 0.05 0.05 0.1 0.1 0.000178040370238 4.19840366959e-07
100 350 0.05 0.05 0.25 0.25 0.0011127522477 7.71921372241e-06
100 350 0.05 0.05 0.375 0.375 0.00250369193555 3.44280848354e-05
100 350 0.05 0.05 0.5 0.5 0.00445100490936 0.000103665523985
100 350 0.05 0.05 1.0 1.0 0.0178037584311 0.00157926502287
100 350 0.125 0.125 0.005 0.005 2.78188078932e-06 4.17162521921e-09
100 350 0.125 0.125 0.025 0.025 6.95470197325e-05 1.27037111658e-07
100 350 0.125 0.125 0.05 0.05 0.000278188078904 7.92479461295e-07
100 350 0.125 0.125 0.15 0.15 0.00250369269055 3.44280923683e-05
100 350 0.125 0.125 0.1 0.1 0.00111275231398 7.71921407191e-06
100 350 0.125 0.125 0.25 0.25 0.00695470154814 0.000247276787675
100 350 0.125 0.125 0.375 0.375 0.0156480745972 0.00122277334837
100 350 0.125 0.125 0.5 0.5 0.0278187806835 0.00383241473939
100 350 0.125 0.125 1.0 1.0 0.111273490194 0.0608219737277
100 350 0.15 0.15 0.005 0.005 4.00590833661e-06 6.03116059978e-09
100 350 0.15 0.15 0.025 0.025 0.000100147708415 1.97946118365e-07
100 350 0.15 0.15 0.05 0.05 0.000400590833622 1.38137326549e-06
100 350 0.15 0.15 0.15 0.15 0.00360531747439 6.90328830445e-05
100 350 0.15 0.15 0.1 0.1 0.00160236333214 1.49589137193e-05
100 350 0.15 0.15 0.25 0.25 0.0100147702293 0.000506205343692
100 350 0.15 0.15 0.375 0.375 0.0225332274199 0.00252081026164
100 350 0.15 0.15 0.5 0.5 0.0400590441843 0.00792070401508
100 350 0.15 0.15 1.0 1.0 0.16023382588 0.126015681529
100 350 0.1 0 0.01 0 8.14667381799e-08 1.13237432318e-10
100 350 0.1 0 0.05 0 2.03666845444e-06 2.83093580788e-09
100 350 0.1 0 0.1 0 8.1466738144e-06 1.13237432269e-08
100 350 0.1 0 0.25 0 5.09167104868e-05 7.0773394e-08
100 350 0.1 0 0.2 0 3.25866950424e-05 4.52949726131e-08
100 350 0.1 0 0.3 0 7.33200617473e-05 1.01913685506e-07
100 350 0.1 0 0.5 0 0.00020366678941 2.83093504058e-07
100 350 0.1 0 0.75 0 0.000458249763934 6.36959682697e-07
100 350 0.1 0 1 0 0.000814663795271 1.13236941199e-06
100 350 0.1 0.1 0.005 0.005 1.78040370516e-06 2.66110549152e-09
100 350 0.1 0.1 0.025 0.025 4.45100926288e-05 7.58445959782e-08
100 350 0.1 0.1 0.05 0.05 0.000178040370499 4.1984036751e-07
100 350 0.1 0.1 0.15 0.15 0.00160236332195 1.49589136487e-05
100 350 0.1 0.1 0.1 0.1 0.00071216148095 3.54275320394e-06
100 350 0.1 0.1 0.25 0.25 0.00445100899081 0.000103665591588
100 350 0.1 0.1 0.375 0.375 0.0100147677422 0.000506205255694
100 350 0.1 0.1 0.5 0.5 0.0178040196375 0.00157928114581
100 350 0.1 0.1 1.0 1.0 0.0712150337243 0.0249507761453
100 350 0.25 0 0.01 0 5.09167113624e-07 7.0773395199e-10
100 350 0.25 0 0.05 0 1.27291778403e-05 1.76933487993e-08
100 350 0.25 0 0.1 0 5.091671134e-05 7.07733951683e-08
100 350 0.25 0 0.25 0 0.000318229440543 4.423337125e-07
100 350 0.25 0 0.2 0 0.000203666844015 2.83093578832e-07
100 350 0.25 0 0.3 0 0.000458250385921 6.36960534414e-07
100 350 0.25 0 0.5 0 0.00127291743381 1.76933440036e-06
100 350 0.25 0 0.75 0 0.00286406102459 3.98099801688e-06
100 350 0.25 0 1 0 0.00509164872045 7.07730882563e-06
100 350 0.25 0.25 0.005 0.005 1.11275231573e-05 1.71414305004e-08
100 350 0.25 0.25 0.025 0.025 0.00027818807893 7.92479461358e-07
100 350 0.25 0.25 0.05 0.05 0.00111275231562 7.71921408052e-06
100 350 0.25 0.25 0.15 0.15 0.0100147707622 0.000506205362545
100 350 0.25 0.25 0.1 0.1 0.00445100925594 0.000103665595979
100 350 0.25 0.25 0.25 0.25 0.0278188061925 0.00383241717798
100 350 0.25 0.25 0.375 0.375 0.0625922983887 0.0192853479385
100 350 0.25 0.25 0.5 0.5 0.111275122734 0.060822590593
100 350 0.25 0.25 1.0 1.0 0.445093960777 0.971167428265
100 350 0.2 0 0.01 0 3.2586695272e-07 4.52949729274e-10
100 350 0.2 0 0.05 0 8.14667381776e-06 1.13237432315e-08
100 350 0.2 0 0.1 0 3.25866952576e-05 4.52949729077e-08
100 350 0.2 0 0.25 0 0.000203666841947 2.83093576e-07
100 350 0.2 0 0.2 0 0.00013034678017 1.81179890452e-07
100 350 0.2 0 0.3 0 0.000293280246989 4.07654742025e-07
100 350 0.2 0 0.5 0 0.00081466715764 1.13237401623e-06
100 350 0.2 0 0.75 0 0.00183299905574 2.5478387308e-06
100 350 0.2 0 1 0 0.00325865518109 4.52947764821e-06
100 350 0.35 0.35 0.005 0.005 2.18099453882e-05 3.47385312204e-08
100 350 0.35 0.35 0.025 0.025 0.000545248634702 2.26658939401e-06
100 350 0.35 0.35 0.05 0.05 0.00218099453861 2.65429339931e-05
100 350 0.35 0.35 0.15 0.15 0.0196289506939 0.00191663773161
100 350 0.35 0.35 0.1 0.1 0.00872397814164 0.000385796958258
100 350 0.35 0.35 0.25 0.25 0.0545248601374 0.0146448338653
100 350 0.35 0.35 0.375 0.375 0.122680904842 0.0739115877621
100 350 0.35 0.35 0.5 0.5 0.218099240559 0.23334494445
100 350 0.35 0.35 1.0 1.0 0.872384163123 3.72959233268
100 350 0.3 0 0.01 0 7.33200643619e-07 1.01913689087e-09
100 350 0.3 0 0.05 0 1.833001609e-05 2.5478422271e-08
100 350 0.3 0 0.1 0 7.33200643296e-05 1.01913689042e-07
100 350 0.3 0 0.25 0 0.000458250394381 6.36960546e-07
100 350 0.3 0 0.2 0 0.000293280255382 4.07654753518e-07
100 350 0.3 0 0.3 0 0.000659880555726 9.17223169557e-07
100 350 0.3 0 0.5 0 0.00183300110469 2.54784153652e-06
100 350 0.3 0 0.75 0 0.00412424787541 5.73263714432e-06
100 350 0.3 0 1 0 0.00733197415744 1.01913247094e-05
100 350 0.45 0.45 0.005 0.005 3.60531750295e-05 5.99404978026e-08
100 350 0.45 0.45 0.025 0.025 0.000901329375733 5.31904781811e-06
100 350 0.45 0.45 0.05 0.05 0.0036053175026 6.90328834311e-05
100 350 0.45 0.45 0.15 0.15 0.0324478572695 0.00520593837001
100 350 0.45 0.45 0.1 0.1 0.0144212699892 0.00104023860722
100 350 0.45 0.45 0.25 0.25 0.0901329320639 0.0399311741286
100 350 0.45 0.45 0.375 0.375 0.202799046779 0.201774849702
100 350 0.45 0.45 0.5 0.5 0.360531397658 0.637291194371
100 350 0.45 0.45 1.0 1.0 1.44210443292 10.1901271359
100 350 0.55 0.55 0.005 0.005 5.38572120811e-05 9.42380436375e-08
100 350 0.55 0.55 0.025 0.025 0.00134643030202 1.08815506027e-05
100 350 0.55 0.55 0.05 0.05 0.00538572120759 0.000150096196299
100 350 0.55 0.55 0.15 0.15 0.048471490489 0.0115815851174
100 350 0.55 0.55 0.1 0.1 0.0215428847987 0.00230550468509
100 350 0.55 0.55 0.25 0.25 0.134643021972 0.0890083962654
100 350 0.55 0.55 0.375 0.375 0.302946724201 0.450042227052
100 350 0.55 0.55 0.5 0.5 0.538571594033 1.42173257874
100 350 0.55 0.55 1.0 1.0 2.15425477016 22.7378874929
100 350 0.5 0 0.01 0 2.0366684545e-06 2.83093580796e-09
100 350 0.5 0 0.05 0 5.0916711361e-05 7.07733951971e-08
100 350 0.5 0 0.1 0 0.00020366684536 2.83093580673e-07
100 350 0.5 0 0.25 0 0.00127291776217 1.76933485e-06
100 350 0.5 0 0.2 0 0.00081466737606 1.13237431533e-06
100 350 0.5 0 0.3 0 0.00183300154368 2.54784213766e-06
100 350 0.5 0 0.5 0 0.00509166973525 7.07733760145e-06
100 350 0.5 0 0.75 0 0.0114562440984 1.59239920678e-05
100 350 0.5 0 1 0 0.0203665948818 2.83092353125e-05
100 350 0.5 0.5 0.005 0.005 4.4510092629e-05 7.58445959786e-08
100 350 0.5 0.5 0.025 0.025 0.00111275231572 7.71921408106e-06
100 350 0.5 0.5 0.05 0.05 0.00445100926247 0.000103665596088
100 350 0.5 0.5 0.15 0.15 0.0400590830488 0.00792070933934
100 350 0.5 0.5 0.1 0.1 0.0178040370238 0.00157928221899
100 350 0.5 0.5 0.25 0.25 0.11127522477 0.0608226291484
100 350 0.5 0.5 0.375 0.375 0.250369193555 0.307449464475
100 350 0.5 0.5 0.5 0.5 0.445100490936 0.97117726854
100 350 0.5 0.5 1.0 1.0 1.78037584311 15.5307422467
100 350 0.65 0.65 0.005 0.005 7.52220565431e-05 1.39494560463e-07
100 350 0.65 0.65 0.025 0.025 0.00188055141357 2.01187175842e-05
100 350 0.65 0.65 0.05 0.05 0.00752220565357 0.000288366789975
100 350 0.65 0.65 0.15 0.15 0.0676998503524 0.0225529252735
100 350 0.65 0.65 0.1 0.1 0.0300888225701 0.00447973786965
100 350 0.65 0.65 0.25 0.25 0.188055129862 0.173522698147
100 350 0.65 0.65 0.375 0.375 0.423123937107 0.877672586428
100 350 0.65 0.65 0.5 0.5 0.752219829682 2.77300814554
100 350 0.65 0.65 1.0 1.0 3.00883517485 44.3542679723
100 350 0.7 0 0.01 0 3.99187017081e-06 5.5486341836e-09
100 350 0.7 0 0.05 0 9.97967542676e-05 1.38715854586e-07
100 350 0.7 0 0.1 0 0.000399187016906 5.5486341812e-07
100 350 0.7 0 0.25 0 0.00249491881385 3.467896306e-06
100 350 0.7 0 0.2 0 0.00159674805708 2.21945365804e-06
100 350 0.7 0 0.3 0 0.00359268302562 4.99377058981e-06
100 350 0.7 0 0.5 0 0.00997967268109 1.38715816989e-05
100 350 0.7 0 0.75 0 0.0224542384328 3.12110244537e-05
100 350 0.7 0 1 0 0.0399185259683 5.54861012375e-05
100 350 0.8 0.8 0.005 0.005 0.00011394583713 2.32920713858e-07
100 350 0.8 0.8 0.025 0.025 0.00284864592824 4.3985280643e-05
100 350 0.8 0.8 0.05 0.05 0.0113945837119 0.000652969407488
100 350 0.8 0.8 0.15 0.15 0.102551252605 0.0516714397409
100 350 0.8 0.8 0.1 0.1 0.0455783347808 0.0102443301784
100 350 0.8 0.8 0.25 0.25 0.284864575412 0.397946846352
100 350 0.8 0.8 0.375 0.375 0.6409451355 2.01341505468
100 350 0.8 0.8 0.5 0.5 1.1394572568 6.36206600542
100 350 0.8 0.8 1.0 1.0 4.55776215836 101.771707179
100 350 0.9 0 0.01 0 6.59880579257e-06 9.17223201779e-09
100 350 0.9 0 0.05 0 0.00016497014481 2.29305800439e-07
100 350 0.9 0 0.1 0 0.000659880578967 9.17223201382e-07
100 350 0.9 0 0.25 0 0.00412425354943 5.732644914e-06
100 350 0.9 0 0.2 0 0.00263952229844 3.66889278166e-06
100 350 0.9 0 0.3 0 0.00593892500153 8.25500852601e-06
100 350 0.9 0 0.5 0 0.0164970099422 2.29305738287e-05
100 350 0.9 0 0.75 0 0.0371182308787 5.15937343028e-05
100 350 0.9 0 1 0 0.065987767417 9.17219225091e-05
100 350 1.0 0 0.01 0 8.14667381799e-06 1.13237432318e-08
100 350 1.0 0 0.05 0 0.000203666845444 2.83093580788e-07
100 350 1.0 0 0.1 0 0.00081466738144 1.13237432269e-06
100 350 1.0 0 0.2 0 0.00325866950424 4.52949726131e-06
100 350 1.0 0 0.3 0 0.00733200617473 1.01913685506e-05
100 350 1.0 0 0.5 0 0.020366678941 2.83093504058e-05
100 350 1.0 0 0.75 0 0.0458249763934 6.36959682763e-05
100 350 1.0 0 1 0 0.0814663795271 0.00011323694141
100 350 1.0 1.0 0.005 0.005 0.000178040370516 4.19840367547e-07
100 350 1.0 1.0 0.025 0.025 0.00445100926288 0.000103665596094
100 350 1.0 1.0 0.05 0.05 0.0178040370499 0.0015792822206
100 350 1.0 1.0 0.15 0.15 0.160236332195 0.126017043584
100 350 1.0 1.0 0.1 0.1 0.071216148095 0.024951046237
100 350 1.0 1.0 0.25 0.25 0.445100899081 0.971177883577
100 350 1.0 1.0 0.375 0.375 1.00147677422 4.91472702142
100 350 1.0 1.0 0.5 0.5 1.78040196375 15.5308995728
100 350 1.0 1.0 1.0 1.0 7.12150337243 248.460129525
100 350 1.1 0 0.01 0 9.85747531977e-06 1.37017293105e-08
100 350 1.1 0 0.05 0 0.000246436882987 3.42543232754e-07
100 350 1.1 0 0.1 0 0.000985747531543 1.37017293046e-06
100 350 1.1 0 0.25 0 0.0061609219689 8.563580674e-06
100 350 1.1 0 0.2 0 0.00394299010013 5.48069168618e-06
100 350 1.1 0 0.3 0 0.00887172747142 1.23315559463e-05
100 350 1.1 0 0.5 0 0.0246436815186 3.42543139911e-05
100 350 1.1 0 0.75 0 0.0554482214361 7.70721216161e-05
100 350 1.1 0 1 0 0.0985743192278 0.00013701669916
100 350 1.3 0 0.01 0 1.37678787524e-05 1.91371260618e-08
100 350 1.3 0 0.05 0 0.000344196968801 4.78428151533e-07
100 350 1.3 0 0.1 0 0.00137678787463 1.91371260535e-06
100 350 1.3 0 0.25 0 0.00860492407227 1.1960703586e-05
100 350 1.3 0 0.2 0 0.00550715146217 7.65485037161e-06
100 350 1.3 0 0.3 0 0.0123910904353 1.72234128506e-05
100 350 1.3 0 0.5 0 0.0344196874103 4.78428021859e-05
100 350 1.3 0 0.75 0 0.0774442101049 0.000107646186395
100 350 1.3 0 1 0 0.137678181401 0.000191370431231
100 350 1.6 0 0.01 0 2.08554849741e-05 2.89887826735e-08
100 350 1.6 0 0.05 0 0.000521387124337 7.24719566818e-07
100 350 1.6 0 0.1 0 0.00208554849649 2.8988782661e-06
100 350 1.6 0 0.25 0 0.0130346778846 1.81179888639e-05
100 350 1.6 0 0.2 0 0.00834219393086 1.15955129889e-05
100 350 1.6 0 0.3 0 0.0187699358073 2.60899034896e-05
100 350 1.6 0 0.5 0 0.0521386980889 7.24719370391e-05
100 350 1.6 0 0.75 0 0.117311939567 0.000163061678814
100 350 1.6 0 1 0 0.208553931589 0.000289886570859
100 350 2.0 0 0.01 0 3.2586695272e-05 4.52949729274e-08
100 350 2.0 0 0.05 0 0.000814667381776 1.13237432315e-06
100 350 2.0 0 0.1 0 0.00325866952576 4.52949729077e-06
100 350 2.0 0 0.25 0 0.0203666841947 2.83093576e-05
100 350 2.0 0 0.2 0 0.013034678017 1.81179890452e-05
100 350 2.0 0 0.3 0 0.0293280246989 4.07654742025e-05
100 350 2.0 0 0.5 0 0.081466715764 0.000113237401624
100 350 2.0 0 0.75 0 0.183299905574 0.000254783873184
100 350 2.0 0 1 0 0.325865518109 0.000452947768192
