med dm gdmv gdma gv ga xsec unc
1425 600 1 0 0.25 0 0.044616422 5.8956681e-05
1425 600 0 0.01 0 0.01 4.64850496232e-06 4.57526714877e-09
1425 600 0 0.01 0 0.05 2.36033800803e-06 2.82344033698e-09
1425 600 0 0.01 0 0.1 2.11061057996e-06 2.7037151038e-09
1425 600 0 0.01 0 0.2 2.03865891964e-06 2.63437689959e-09
1425 600 0 0.01 0 0.25 2.01070446351e-06 2.60509616319e-09
1425 600 0 0.01 0 0.3 1.98617819148e-06 2.56473656052e-09
1425 600 0 0.01 0 0.5 1.91213207031e-06 2.37344847878e-09
1425 600 0 0.01 0 0.75 1.84832472086e-06 2.17199894149e-09
1425 600 0 0.01 0 1 1.74407244961e-06 1.99032867401e-09
1425 600 0 0.05 0 0.01 8.59166182515e-05 4.12350868777e-07
1425 600 0 0.05 0 0.05 5.81673960904e-05 9.52343984783e-08
1425 600 0 0.05 0 0.1 5.25931653515e-05 7.3579667118e-08
1425 600 0 0.05 0 0.2 5.0924898076e-05 6.72078640078e-08
1425 600 0 0.05 0 0.25 5.02412868548e-05 6.57814571306e-08
1425 600 0 0.05 0 0.3 4.96363474925e-05 6.44571213705e-08
1425 600 0 0.05 0 0.5 4.77970296707e-05 6.00646766556e-08
1425 600 0 0.05 0 0.75 4.62053586859e-05 5.69568337201e-08
1425 600 0 0.05 0 1 4.36002097023e-05 5.47976682969e-08
1425 600 0 0.1 0 0.01 0.000181030311224 1.19794096778e-06
1425 600 0 0.1 0 0.05 0.000222739627837 6.44386925949e-07
1425 600 0 0.1 0 0.1 0.000208250362813 3.66109796139e-07
1425 600 0 0.1 0 0.2 0.000203181604917 2.85496489454e-07
1425 600 0 0.1 0 0.25 0.000200636775437 2.71234511018e-07
1425 600 0 0.1 0 0.3 0.000198319375543 2.6203946092e-07
1425 600 0 0.1 0 0.5 0.000191109538731 2.49363554445e-07
1425 600 0 0.1 0 0.75 0.000184786853815 2.61032502816e-07
1425 600 0 0.1 0 1 0.000174380950934 2.82175311569e-07
1425 600 0 0.25 0 0.01 0.00019628465807 7.55075272014e-07
1425 600 0 0.25 0 0.05 0.00107070247564 8.74393735745e-06
1425 600 0 0.25 0 0.1 0.00121575328969 4.74423615777e-06
1425 600 0 0.25 0 0.2 0.00124766823497 2.46502143451e-06
1425 600 0 0.25 0 0.25 0.00123979580802 2.03274900348e-06
1425 600 0 0.25 0 0.3 0.00122969548475 1.81606189052e-06
1425 600 0 0.25 0 0.5 0.00119101004044 1.95668393465e-06
1425 600 0 0.25 0 0.75 0.0011534084741 3.08273481192e-06
1425 600 0 0.25 0 1 0.00108901012706 4.51687445184e-06
1425 600 0 0.2 0 0.01 0.00020667720433 9.7318209031e-07
1425 600 0 0.2 0 0.05 0.000760693763578 4.93767647128e-06
1425 600 0 0.2 0 0.1 0.000800701316535 2.44735056758e-06
1425 600 0 0.2 0 0.2 0.000804541121374 1.39739003631e-06
1425 600 0 0.2 0 0.25 0.000797335002042 1.21069714878e-06
1425 600 0 0.2 0 0.3 0.000789681341874 1.1141695774e-06
1425 600 0 0.2 0 0.5 0.000763184120202 1.14309200274e-06
1425 600 0 0.2 0 0.75 0.00073859522139 1.57508290463e-06
1425 600 0 0.2 0 1 0.000697205215247 2.13592949022e-06
1425 600 0 0.3 0 0.01 0.000186520811142 6.12877914454e-07
1425 600 0 0.3 0 0.05 0.00137461145772 1.30283737976e-05
1425 600 0 0.3 0 0.1 0.00169227310265 8.1377626361e-06
1425 600 0 0.3 0 0.2 0.00178031917211 4.0171355045e-06
1425 600 0 0.3 0 0.25 0.00177478685451 3.16516450317e-06
1425 600 0 0.3 0 0.3 0.00176345622736 2.74388233072e-06
1425 600 0 0.3 0 0.5 0.00171248342319 3.11777389838e-06
1425 600 0 0.3 0 0.75 0.0016597711857 5.53236398486e-06
1425 600 0 0.3 0 1 0.00156751826675 8.57874886106e-06
1425 600 0 0.5 0 0.01 0.000166946722753 3.82224138403e-07
1425 600 0 0.5 0 0.05 0.002334466618 2.5137757564e-05
1425 600 0 0.5 0 0.1 0.00393678319847 3.21499487184e-05
1425 600 0 0.5 0 0.2 0.00469679541539 1.72305204372e-05
1425 600 0 0.5 0 0.25 0.00476644584119 1.207955183e-05
1425 600 0 0.5 0 0.3 0.00478359756698 9.5044435429e-06
1425 600 0 0.5 0 0.5 0.00471574660537 1.35044592795e-05
1425 600 0 0.5 0 0.75 0.00459218352248 3.29810266367e-05
1425 600 0 0.5 0 1 0.00434363874743 5.72691098191e-05
1425 600 0 0.7 0 0.01 0.000160241813933 2.96379066582e-07
1425 600 0 0.7 0 0.05 0.00289143851661 2.56459137373e-05
1425 600 0 0.7 0 0.1 0.006201596658 6.25548647904e-05
1425 600 0 0.7 0 0.2 0.00855905768836 4.4559637039e-05
1425 600 0 0.7 0 0.25 0.00889879823516 3.04849132158e-05
1425 600 0 0.7 0 0.3 0.00905683140716 2.3109478425e-05
1425 600 0 0.7 0 0.5 0.00912441781713 4.06658585463e-05
1425 600 0 0.7 0 0.75 0.00894739539657 0.000116082651579
1425 600 0 0.7 0 1 0.00848259224081 0.000210014288114
1425 600 0 0.9 0 0.01 0.000157861890806 2.55392698176e-07
1425 600 0 0.9 0 0.05 0.00321306749811 2.23044373368e-05
1425 600 0 0.9 0 0.1 0.0081162907704 8.58694033553e-05
1425 600 0 0.9 0 0.2 0.012933736278 8.37811690699e-05
1425 600 0 0.9 0 0.25 0.0138329455981 5.91880658499e-05
1425 600 0 0.9 0 0.3 0.0143207277297 4.56277943101e-05
1425 600 0 0.9 0 0.5 0.0148297280346 9.8373555779e-05
1425 600 0 0.9 0 0.75 0.0146746389662 0.00030421627109
1425 600 0 0.9 0 1 0.0139545389226 0.000560984663892
1425 600 0 1.0 0 0.01 0.000157313904633 2.44067932042e-07
1425 600 0 1.0 0 0.05 0.00332026473203 2.06238934443e-05
1425 600 0 1.0 0 0.1 0.008911948643 9.3095987244e-05
1425 600 0 1.0 0 0.2 0.0151911394767 0.000105370716516
1425 600 0 1.0 0 0.25 0.0164926001548 7.66767763782e-05
1425 600 0 1.0 0 0.3 0.0172344627166 6.05715326189e-05
1425 600 0 1.0 0 0.5 0.0181273564756 0.00014418502316
1425 600 0 1.0 0 0.75 0.0180328199919 0.000457213955682
1425 600 0 1.0 0 1 0.0171785197141 0.000848202897729
1425 600 0 1.1 0 0.01 0.000156870213127 2.36099163544e-07
1425 600 0 1.1 0 0.05 0.00340250969925 1.90959615593e-05
1425 600 0 1.1 0 0.1 0.00960469396536 9.73074643796e-05
1425 600 0 1.1 0 0.2 0.0174421096056 0.000126638036495
1425 600 0 1.1 0 0.25 0.0192269135054 9.55523604215e-05
1425 600 0 1.1 0 0.3 0.0202881077515 7.80338616726e-05
1425 600 0 1.1 0 0.5 0.0216969875398 0.000204764138535
1425 600 0 1.1 0 0.75 0.0217083587532 0.000661681589608
1425 600 0 1.1 0 1 0.0207204103245 0.00123330927982
1425 600 0 1.3 0 0.01 0.000155977207168 2.2560462113e-07
1425 600 0 1.3 0 0.05 0.00351382104646 1.64022246791e-05
1425 600 0 1.3 0 0.1 0.010719949895 9.781384549e-05
1425 600 0 1.3 0 0.2 0.0218068492953 0.000164029004703
1425 600 0 1.3 0 0.25 0.0247797926302 0.00013518326776
1425 600 0 1.3 0 0.3 0.026679292945 0.000120617152055
1425 600 0 1.3 0 0.5 0.0295729470758 0.000382113936753
1425 600 0 1.3 0 0.75 0.0299699136216 0.00126642034558
1425 600 0 1.3 0 1 0.0287324824364 0.00237706381692
1425 600 0 1.6 0 0.01 0.000154524022818 2.15558130895e-07
1425 600 0 1.6 0 0.05 0.00360091791961 1.29035504359e-05
1425 600 0 1.6 0 0.1 0.0118734855555 8.54593926372e-05
1425 600 0 1.6 0 0.2 0.0277332801363 0.000199369707269
1425 600 0 1.6 0 0.25 0.0329087248812 0.000193645235388
1425 600 0 1.6 0 0.3 0.0365288673704 0.000205414633664
1425 600 0 1.6 0 0.5 0.0429181585713 0.000839211145709
1425 600 0 1.6 0 0.75 0.0444654916855 0.00283699234091
1425 600 0 1.6 0 1 0.0429634649608 0.00536458231671
1425 600 0 2.0 0 0.01 0.000152644767077 2.06319435136e-07
1425 600 0 2.0 0 0.05 0.00364561968723 9.35009139737e-06
1425 600 0 2.0 0 0.1 0.012790729126 6.26028889966e-05
1425 600 0 2.0 0 0.2 0.0341816390447 0.000215375405509
1425 600 0 2.0 0 0.25 0.0426572466007 0.000272979471515
1425 600 0 2.0 0 0.3 0.0492069620792 0.000373989809887
1425 600 0 2.0 0 0.5 0.0626991433317 0.00196737405665
1425 600 0 2.0 0 0.75 0.0671827423704 0.00671784793582
1425 600 0 2.0 0 1 0.0657227549214 0.0128011836705
1425 600 0.005 0.005 0.005 0.005 6.09621766706e-06 7.48761461387e-09
1425 600 0.005 0.005 0.025 0.025 4.14216922868e-06 4.30533109006e-09
1425 600 0.005 0.005 0.05 0.05 3.31473237225e-06 4.04137998165e-09
1425 600 0.005 0.005 0.15 0.15 2.99325004762e-06 3.81964699943e-09
1425 600 0.005 0.005 0.1 0.1 3.08608054307e-06 3.8433522519e-09
1425 600 0.005 0.005 0.25 0.25 2.78229334205e-06 3.62814436776e-09
1425 600 0.005 0.005 0.375 0.375 2.58408467247e-06 3.30830948105e-09
1425 600 0.005 0.005 0.5 0.5 2.39927076608e-06 2.99274550904e-09
1425 600 0.005 0.005 1.0 1.0 1.51668579648e-06 1.89462012438e-09
1425 600 0.01 0 0.01 0 2.2197298497e-05 4.53914031622e-08
1425 600 0.01 0 0.05 0 1.08257813652e-05 1.37941164662e-08
1425 600 0.01 0 0.1 0 1.00016438366e-05 1.28370412634e-08
1425 600 0.01 0 0.25 0 9.4313578025e-06 1.227094463e-08
1425 600 0.01 0 0.2 0 9.66324901946e-06 1.24649747452e-08
1425 600 0.01 0 0.3 0 9.2113502737e-06 1.20136981627e-08
1425 600 0.01 0 0.5 0 8.39754634779e-06 1.07328149691e-08
1425 600 0.01 0 0.75 0 7.33473624548e-06 9.05785841159e-09
1425 600 0.01 0 1 0 6.20321207575e-06 7.46801484016e-09
1425 600 0.025 0.025 0.005 0.005 8.56189990811e-05 5.11425992677e-07
1425 600 0.025 0.025 0.025 0.025 9.91519966247e-05 2.32030476298e-07
1425 600 0.025 0.025 0.05 0.05 8.20568478734e-05 1.33838378316e-07
1425 600 0.025 0.025 0.15 0.15 7.47525962958e-05 9.75739823083e-08
1425 600 0.025 0.025 0.1 0.1 7.69749790362e-05 1.02277818644e-07
1425 600 0.025 0.025 0.25 0.25 6.9530331273e-05 9.12925047546e-08
1425 600 0.025 0.025 0.375 0.375 6.45907401113e-05 8.40552445009e-08
1425 600 0.025 0.025 0.5 0.5 5.9975526823e-05 7.76456749511e-08
1425 600 0.025 0.025 1.0 1.0 3.79158166985e-05 5.51064476609e-08
1425 600 0.05 0 0.01 0 0.000195881091749 1.41250161977e-06
1425 600 0.05 0 0.05 0 0.000253860180257 7.90409847506e-07
1425 600 0.05 0 0.1 0 0.000246347518084 4.33985149344e-07
1425 600 0.05 0 0.25 0 0.000235194484017 3.11179774417e-07
1425 600 0.05 0 0.2 0 0.000240649729406 3.25902779345e-07
1425 600 0.05 0 0.3 0 0.000229880130769 3.00873753018e-07
1425 600 0.05 0 0.5 0 0.000209799719381 2.72516339176e-07
1425 600 0.05 0 0.75 0 0.000183309171967 2.43192611309e-07
1425 600 0.05 0 1 0 0.000155049225361 2.12369970275e-07
1425 600 0.05 0.05 0.005 0.005 0.000128958358896 6.53288574758e-07
1425 600 0.05 0.05 0.025 0.025 0.000349668749076 1.92312393446e-06
1425 600 0.05 0.05 0.05 0.05 0.000318476117884 9.00211415194e-07
1425 600 0.05 0.05 0.15 0.15 0.000298031501851 4.15950315607e-07
1425 600 0.05 0.05 0.1 0.1 0.000305707412688 4.84195499645e-07
1425 600 0.05 0.05 0.25 0.25 0.000277784399528 3.72507298312e-07
1425 600 0.05 0.05 0.375 0.375 0.000258220649824 3.53057995147e-07
1425 600 0.05 0.05 0.5 0.5 0.000239823998865 3.45908800832e-07
1425 600 0.05 0.05 1.0 1.0 0.000151646642758 3.17173894381e-07
1425 600 0.125 0.125 0.005 0.005 0.000107091975927 2.66326583183e-07
1425 600 0.125 0.125 0.025 0.025 0.00117615320773 1.41202447888e-05
1425 600 0.125 0.125 0.05 0.05 0.00164715340128 1.37015368324e-05
1425 600 0.125 0.125 0.15 0.15 0.0018209154752 3.62655071993e-06
1425 600 0.125 0.125 0.1 0.1 0.00181986531976 5.76038835086e-06
1425 600 0.125 0.125 0.25 0.25 0.00172154679022 2.64295228575e-06
1425 600 0.125 0.125 0.375 0.375 0.00160767979241 2.94149850412e-06
1425 600 0.125 0.125 0.5 0.5 0.00149549052448 3.70434282721e-06
1425 600 0.125 0.125 1.0 1.0 0.000947064682516 6.21144276038e-06
1425 600 0.15 0.15 0.005 0.005 0.000100379254399 2.21396596141e-07
1425 600 0.15 0.15 0.025 0.025 0.00135710974891 1.6471246703e-05
1425 600 0.15 0.15 0.05 0.05 0.00217515433968 2.1465006544e-05
1425 600 0.15 0.15 0.15 0.15 0.00259161886326 5.90801210528e-06
1425 600 0.15 0.15 0.1 0.1 0.0025568625444 9.88905519758e-06
1425 600 0.15 0.15 0.25 0.25 0.00246814480135 4.03723094879e-06
1425 600 0.15 0.15 0.375 0.375 0.00231040588415 4.78832880328e-06
1425 600 0.15 0.15 0.5 0.5 0.00215094280593 6.49455875581e-06
1425 600 0.15 0.15 1.0 1.0 0.00136322545004 1.21307918288e-05
1425 600 0.1 0 0.01 0 0.0002017915011 8.97304204285e-07
1425 600 0.1 0 0.05 0 0.000850700904617 5.87170981573e-06
1425 600 0.1 0 0.1 0 0.000941922327155 2.89120448125e-06
1425 600 0.1 0 0.25 0 0.000933481930462 1.29673406756e-06
1425 600 0.1 0 0.2 0 0.000951131084609 1.47085148441e-06
1425 600 0.1 0 0.3 0 0.000914510461554 1.20944118468e-06
1425 600 0.1 0 0.5 0 0.000837467193017 1.14261246791e-06
1425 600 0.1 0 0.75 0 0.000732497402887 1.1818707594e-06
1425 600 0.1 0 1 0 0.000619808867176 1.17006160616e-06
1425 600 0.1 0.1 0.005 0.005 0.000116408903483 3.44231929225e-07
1425 600 0.1 0.1 0.025 0.025 0.00094129728446 1.03143218234e-05
1425 600 0.1 0.1 0.05 0.05 0.00113839669307 7.36899026422e-06
1425 600 0.1 0.1 0.15 0.15 0.00117670467125 2.05199690016e-06
1425 600 0.1 0.1 0.1 0.1 0.00118894329117 3.00683677806e-06
1425 600 0.1 0.1 0.25 0.25 0.00110577764164 1.60599081641e-06
1425 600 0.1 0.1 0.375 0.375 0.00103061144794 1.68122713718e-06
1425 600 0.1 0.1 0.5 0.5 0.000958048039343 1.94814296228e-06
1425 600 0.1 0.1 1.0 1.0 0.00060632069319 2.81583676459e-06
1425 600 0.25 0 0.01 0 0.000164603154176 3.53558508996e-07
1425 600 0.25 0 0.05 0 0.00249276122516 2.47136619166e-05
1425 600 0.25 0 0.1 0 0.00449786917517 3.35058180461e-05
1425 600 0.25 0 0.25 0 0.00553315282682 9.68924427872e-06
1425 600 0.25 0 0.2 0 0.0054854869403 1.41047825089e-05
1425 600 0.25 0 0.3 0 0.00550530356083 7.66155161119e-06
1425 600 0.25 0 0.5 0 0.00515953739361 9.46468287341e-06
1425 600 0.25 0 0.75 0 0.0045459834565 1.64748319477e-05
1425 600 0.25 0 1 0 0.00385689714667 2.12621508387e-05
1425 600 0.25 0.25 0.005 0.005 8.82831223704e-05 1.48974160397e-07
1425 600 0.25 0.25 0.025 0.025 0.00172135637628 1.53892633555e-05
1425 600 0.25 0.25 0.05 0.05 0.00407920566444 4.92146467624e-05
1425 600 0.25 0.25 0.15 0.15 0.00674105969952 2.47709199566e-05
1425 600 0.25 0.25 0.1 0.1 0.00621900199115 4.17157610399e-05
1425 600 0.25 0.25 0.25 0.25 0.00668499018229 1.47442874699e-05
1425 600 0.25 0.25 0.375 0.375 0.00634357181284 2.21661774195e-05
1425 600 0.25 0.25 0.5 0.5 0.00593370167587 3.66754523416e-05
1425 600 0.25 0.25 1.0 1.0 0.00377790330405 8.50551308814e-05
1425 600 0.2 0 0.01 0 0.000168973262217 4.22571243745e-07
1425 600 0.2 0 0.05 0 0.00206448601953 2.15887652004e-05
1425 600 0.2 0 0.1 0 0.00320273990684 2.01692673654e-05
1425 600 0.2 0 0.25 0 0.00362141435904 5.85200535332e-06
1425 600 0.2 0 0.2 0 0.00363109929154 7.96711600166e-06
1425 600 0.2 0 0.3 0 0.00357992366447 4.89479436376e-06
1425 600 0.2 0 0.5 0 0.0033224212314 5.41688202342e-06
1425 600 0.2 0 0.75 0 0.00291821109625 8.05935880414e-06
1425 600 0.2 0 1 0 0.002473042537 9.79211541419e-06
1425 600 0.35 0.35 0.005 0.005 8.41790947626e-05 1.23023096069e-07
1425 600 0.35 0.35 0.025 0.025 0.00185137452812 1.0644370762e-05
1425 600 0.35 0.35 0.05 0.05 0.0053876133673 5.60917733137e-05
1425 600 0.35 0.35 0.15 0.15 0.012053852365 6.12381014574e-05
1425 600 0.35 0.35 0.1 0.1 0.010258491554 8.81208098856e-05
1425 600 0.35 0.35 0.25 0.25 0.0126288724714 3.81520012897e-05
1425 600 0.35 0.35 0.375 0.375 0.0122209531346 6.91073245947e-05
1425 600 0.35 0.35 0.5 0.5 0.0115109077227 0.000125941369965
1425 600 0.35 0.35 1.0 1.0 0.00737882840508 0.000316843861599
1425 600 0.3 0 0.01 0 0.000162406994823 3.08192461849e-07
1425 600 0.3 0 0.05 0 0.00281280316626 2.46746122767e-05
1425 600 0.3 0 0.1 0 0.0057623818223 4.6628095995e-05
1425 600 0.3 0 0.25 0 0.00775736660361 1.45970438101e-05
1425 600 0.3 0 0.2 0 0.00759065098174 2.22374027335e-05
1425 600 0.3 0 0.3 0 0.00777729798778 1.0984645676e-05
1425 600 0.3 0 0.5 0 0.00737454794486 1.54045385161e-05
1425 600 0.3 0 0.75 0 0.00652220102509 3.05187266419e-05
1425 600 0.3 0 1 0 0.00554124590622 4.10630308757e-05
1425 600 0.45 0.45 0.005 0.005 8.2853608208e-05 1.13074278178e-07
1425 600 0.45 0.45 0.025 0.025 0.00191594695839 7.62704156345e-06
1425 600 0.45 0.45 0.05 0.05 0.00620491753017 5.08555501898e-05
1425 600 0.45 0.45 0.15 0.15 0.0178219191805 0.000109339671629
1425 600 0.45 0.45 0.1 0.1 0.0139686741663 0.000127826080438
1425 600 0.45 0.45 0.25 0.25 0.019912736389 8.07947821264e-05
1425 600 0.45 0.45 0.375 0.375 0.0197507236433 0.000169590743871
1425 600 0.45 0.45 0.5 0.5 0.0187710449051 0.000325120272063
1425 600 0.45 0.45 1.0 1.0 0.0121409915104 0.000852047925645
1425 600 0.55 0.55 0.005 0.005 8.21015226877e-05 1.08837893728e-07
1425 600 0.55 0.55 0.025 0.025 0.00194653785522 5.89084570717e-06
1425 600 0.55 0.55 0.05 0.05 0.00669882678312 4.2709126632e-05
1425 600 0.55 0.55 0.15 0.15 0.0234886203294 0.000157862808481
1425 600 0.55 0.55 0.1 0.1 0.0170471014215 0.000148969417748
1425 600 0.55 0.55 0.25 0.25 0.028116262563 0.000149257026383
1425 600 0.55 0.55 0.375 0.375 0.0286998252709 0.00035389121218
1425 600 0.55 0.55 0.5 0.5 0.0275730291205 0.000698809786889
1425 600 0.55 0.55 1.0 1.0 0.018031544981 0.00187958063094
1425 600 0.5 0 0.01 0 0.00016060279138 2.33588183524e-07
1425 600 0.5 0 0.05 0 0.00346825312101 1.62165837886e-05
1425 600 0.5 0 0.1 0 0.00969127241291 6.86529591856e-05
1425 600 0.5 0 0.25 0 0.0186612968655 3.98477987726e-05
1425 600 0.5 0 0.2 0 0.0171509030901 6.25062608808e-05
1425 600 0.5 0 0.3 0 0.0194453356296 2.73962596013e-05
1425 600 0.5 0 0.5 0 0.0196326853759 7.21940716784e-05
1425 600 0.5 0 0.75 0 0.017737142228 0.000192343678044
1425 600 0.5 0 1 0 0.0151898760674 0.000280038270602
1425 600 0.5 0.5 0.005 0.005 8.24676489489e-05 1.1056957149e-07
1425 600 0.5 0.5 0.025 0.025 0.00193462657044 6.64690189728e-06
1425 600 0.5 0.5 0.05 0.05 0.00648387616119 4.68491048329e-05
1425 600 0.5 0.5 0.15 0.15 0.0206946429192 0.000134208246233
1425 600 0.5 0.5 0.1 0.1 0.0155935106828 0.000140885298685
1425 600 0.5 0.5 0.25 0.25 0.0239257079781 0.000111388486711
1425 600 0.5 0.5 0.375 0.375 0.0240636111993 0.000249160077846
1425 600 0.5 0.5 0.5 0.5 0.022989127782 0.000485641874049
1425 600 0.5 0.5 1.0 1.0 0.0149475681163 0.0012908147567
1425 600 0.65 0.65 0.005 0.005 8.12700076153e-05 1.06548946614e-07
1425 600 0.65 0.65 0.025 0.025 0.00195463623648 4.81587632998e-06
1425 600 0.65 0.65 0.05 0.05 0.00698486518319 3.49806887012e-05
1425 600 0.65 0.65 0.15 0.15 0.02870362254 0.000198480789626
1425 600 0.65 0.65 0.1 0.1 0.0194555907661 0.000152524253712
1425 600 0.65 0.65 0.25 0.25 0.0368341287248 0.000250232709485
1425 600 0.65 0.65 0.375 0.375 0.0388094641863 0.000657271323702
1425 600 0.65 0.65 0.5 0.5 0.0377519052448 0.00132285651745
1425 600 0.65 0.65 1.0 1.0 0.0250102064394 0.00362956851786
1425 600 0.7 0 0.01 0 0.000158392175761 2.13833656612e-07
1425 600 0.7 0 0.05 0 0.00365776670795 1.00683672653e-05
1425 600 0.7 0 0.1 0 0.0117893395114 5.38036342414e-05
1425 600 0.7 0 0.25 0 0.0303839250518 5.56986312451e-05
1425 600 0.7 0 0.2 0 0.0261621106625 8.0058550643e-05
1425 600 0.7 0 0.3 0 0.0330927217477 4.33022465575e-05
1425 600 0.7 0 0.5 0 0.036199888419 0.000230873984232
1425 600 0.7 0 0.75 0 0.0336954712868 0.000679462383704
1425 600 0.7 0 1 0 0.0291924380723 0.00101948832218
1425 600 0.8 0.8 0.005 0.005 7.97001543158e-05 1.04216312148e-07
1425 600 0.8 0.8 0.025 0.025 0.00194099802201 3.84261734983e-06
1425 600 0.8 0.8 0.05 0.05 0.00718101535693 2.6015466825e-05
1425 600 0.8 0.8 0.15 0.15 0.0353460114475 0.000242071202158
1425 600 0.8 0.8 0.1 0.1 0.0220045015891 0.000139811694826
1425 600 0.8 0.8 0.25 0.25 0.0501149809821 0.000479158781651
1425 600 0.8 0.8 0.375 0.375 0.0555616319293 0.00142095088909
1425 600 0.8 0.8 0.5 0.5 0.0551995066912 0.00291399940259
1425 600 0.8 0.8 1.0 1.0 0.0374133695574 0.00820361844086
1425 600 0.9 0 0.01 0 0.000154912434169 2.04745521942e-07
1425 600 0.9 0 0.05 0 0.00368571244333 6.91473061018e-06
1425 600 0.9 0 0.1 0 0.0127965318816 3.48090092978e-05
1425 600 0.9 0 0.25 0 0.0408397806664 5.65364310413e-05
1425 600 0.9 0 0.2 0 0.0332186848564 6.68124685772e-05
1425 600 0.9 0 0.3 0 0.0464179169272 6.66141425014e-05
1425 600 0.9 0 0.5 0 0.0554057610498 0.000581352198456
1425 600 0.9 0 0.75 0 0.0534814507995 0.00174900614848
1425 600 0.9 0 1 0 0.0470250579161 0.00267139089948
1425 600 1.0 0 0.01 0 0.000153110957958 2.01415085583e-07
1425 600 1.0 0 0.05 0 0.00367585471754 6.00923660308e-06
1425 600 1.0 0 0.1 0 0.0130718485031 2.77168167138e-05
1425 600 1.0 0 0.2 0 0.0359726510461 5.74793361191e-05
1425 600 1.0 0 0.3 0 0.0525150842795 9.07494508658e-05
1425 600 1.0 0 0.5 0 0.065486338389 0.000862665295858
1425 600 1.0 0 0.75 0 0.0644848449275 0.00259192546155
1425 600 1.0 0 1 0 0.0571819383103 0.0039882908205
1425 600 1.0 1.0 0.005 0.005 7.7403542368e-05 1.01539710625e-07
1425 600 1.0 1.0 0.025 0.025 0.00190232117105 3.18185613527e-06
1425 600 1.0 1.0 0.05 0.05 0.00722575560142 1.9087642051e-05
1425 600 1.0 1.0 0.15 0.15 0.0419601834571 0.000292186008001
1425 600 1.0 1.0 0.1 0.1 0.0240109576264 0.000120006906734
1425 600 1.0 1.0 0.25 0.25 0.0668796140576 0.000977352450546
1425 600 1.0 1.0 0.375 0.375 0.079505337668 0.00322865466325
1425 600 1.0 1.0 0.5 0.5 0.0815031037428 0.00673175624327
1425 600 1.0 1.0 1.0 1.0 0.0572670690193 0.0195925447256
1425 600 1.1 0 0.01 0 0.000151348272094 1.98425774516e-07
1425 600 1.1 0 0.05 0 0.00365820512685 5.39505167427e-06
1425 600 1.1 0 0.1 0 0.0132514845066 2.25954488277e-05
1425 600 1.1 0 0.25 0 0.0492514765976 6.8853292536e-05
1425 600 1.1 0 0.2 0 0.0382660225129 5.17641817044e-05
1425 600 1.1 0 0.3 0 0.0581148459508 0.000130451279125
1425 600 1.1 0 0.5 0 0.0756415771013 0.00123382639497
1425 600 1.1 0 0.75 0 0.0760479314412 0.00368870626484
1425 600 1.1 0 1 0 0.0680511378342 0.00571634448096
1425 600 1.3 0 0.01 0 0.000147956317557 1.92987090061e-07
1425 600 1.3 0 0.05 0 0.00360945458441 4.76561278857e-06
1425 600 1.3 0 0.1 0 0.0134187368312 1.77379786766e-05
1425 600 1.3 0 0.25 0 0.0556101627912 0.000127088468952
1425 600 1.3 0 0.2 0 0.0416920899454 6.20390011706e-05
1425 600 1.3 0 0.3 0 0.0677074322233 0.000277274608885
1425 600 1.3 0 0.5 0 0.0955732849729 0.00229868510456
1425 600 1.3 0 0.75 0 0.100318598382 0.00677978187279
1425 600 1.3 0 1 0 0.0915642611083 0.0106567345236
1425 600 1.6 0 0.01 0 0.000143062028231 1.85551820091e-07
1425 600 1.6 0 0.05 0 0.00351807312997 4.72064302795e-06
1425 600 1.6 0 0.1 0 0.0133854510713 2.06472939548e-05
1425 600 1.6 0 0.25 0 0.0619561684623 0.000342911717639
1425 600 1.6 0 0.2 0 0.0446801724069 0.000147230561602
1425 600 1.6 0 0.3 0 0.0782410874429 0.00071537163557
1425 600 1.6 0 0.5 0 0.122870358772 0.00484915820837
1425 600 1.6 0 0.75 0 0.137724432917 0.0140821393532
1425 600 1.6 0 1 0 0.129895676481 0.0226505875684
1425 600 2.0 0 0.01 0 0.000136613625083 1.7642987569e-07
1425 600 2.0 0 0.05 0 0.00337846933934 5.47901274147e-06
1425 600 2.0 0 0.1 0 0.0130712393374 3.56513684491e-05
1425 600 2.0 0 0.25 0 0.0661722747964 0.000863652346818
1425 600 2.0 0 0.2 0 0.0461511357487 0.000375606170218
1425 600 2.0 0 0.3 0 0.0864241261648 0.00171180620373
1425 600 2.0 0 0.5 0 0.151908064812 0.0101460275883
1425 600 2.0 0 0.75 0 0.18517327385 0.0294755295774
1425 600 2.0 0 1 0 0.183059538006 0.0491182494482
