med dm gdmv gdma gv ga xsec unc
1450 750 1 0 0.25 0 0.0027821114 3.7235829e-06
1450 750 0 0.01 0 0.01 4.77749841307e-11 6.62937146574e-14
1450 750 0 0.01 0 0.05 1.19436402337e-09 1.6573620014e-12
1450 750 0 0.01 0 0.1 4.7768206062e-09 6.62902173776e-12
1450 750 0 0.01 0 0.2 1.90669376748e-08 2.64693580647e-11
1450 750 0 0.01 0 0.25 2.9696981791e-08 4.12403208547e-11
1450 750 0 0.01 0 0.3 4.25222210578e-08 5.90801729061e-11
1450 750 0 0.01 0 0.5 1.11126529773e-07 1.55057642507e-10
1450 750 0 0.01 0 0.75 2.10950429514e-07 2.978961162e-10
1450 750 0 0.01 0 1 2.97138488358e-07 4.27439955364e-10
1450 750 0 0.05 0 0.01 1.19437460327e-09 1.65737599199e-12
1450 750 0 0.05 0 0.05 2.98591005842e-08 4.14547535897e-11
1450 750 0 0.05 0 0.1 1.19420515155e-07 1.66056819576e-10
1450 750 0 0.05 0 0.2 4.7667344187e-07 6.67039221425e-10
1450 750 0 0.05 0 0.25 7.42424544774e-07 1.04397787643e-09
1450 750 0 0.05 0 0.3 1.06305552644e-06 1.50396068764e-09
1450 750 0 0.05 0 0.5 2.77816324434e-06 4.08825454278e-09
1450 750 0 0.05 0 0.75 5.27376073785e-06 8.52225673206e-09
1450 750 0 0.05 0 1 7.42846220894e-06 1.38517150843e-08
1450 750 0 0.1 0 0.01 4.77749841307e-09 6.62991803746e-12
1450 750 0 0.1 0 0.05 1.19436402337e-07 1.66077808793e-10
1450 750 0 0.1 0 0.1 4.7768206062e-07 6.68368229957e-10
1450 750 0 0.1 0 0.2 1.90669376748e-06 2.73447275829e-09
1450 750 0 0.1 0 0.25 2.9696981791e-06 4.33803469393e-09
1450 750 0 0.1 0 0.3 4.25222210578e-06 6.35279731289e-09
1450 750 0 0.1 0 0.5 1.11126529773e-05 1.90006866723e-08
1450 750 0 0.1 0 0.75 2.10950429514e-05 4.75246997664e-08
1450 750 0 0.1 0 1 2.97138488358e-05 9.49783128404e-08
1450 750 0 0.25 0 0.01 2.98593650817e-08 4.14551032743e-11
1450 750 0 0.25 0 0.05 7.46477514605e-07 1.04930856143e-09
1450 750 0 0.25 0 0.1 2.98551287888e-06 4.35846807203e-09
1450 750 0 0.25 0 0.2 1.19168360467e-05 1.9991774165e-08
1450 750 0 0.25 0 0.25 1.85606136194e-05 3.42056063219e-08
1450 750 0 0.25 0 0.3 2.65763881611e-05 5.44467453077e-08
1450 750 0 0.25 0 0.5 6.94540811084e-05 2.34589788631e-07
1450 750 0 0.25 0 0.75 0.000131844018446 8.84840060211e-07
1450 750 0 0.25 0 1 0.000185711555224 2.32486550226e-06
1450 750 0 0.2 0 0.01 1.91099936523e-08 2.65262972617e-11
1450 750 0 0.2 0 0.05 4.77745609347e-07 6.68451946111e-10
1450 750 0 0.2 0 0.1 1.91072824248e-06 2.73972814627e-09
1450 750 0 0.2 0 0.2 7.62677506991e-06 1.19989449945e-08
1450 750 0 0.2 0 0.25 1.18787927164e-05 1.99461097873e-08
1450 750 0 0.2 0 0.3 1.70088884231e-05 3.08024622489e-08
1450 750 0 0.2 0 0.5 4.44506119094e-05 1.18365442709e-07
1450 750 0 0.2 0 0.75 8.43801718056e-05 4.05069564477e-07
1450 750 0 0.2 0 1 0.000118855395343 1.01305649141e-06
1450 750 0 0.3 0 0.01 4.29974857176e-08 5.97090130082e-11
1450 750 0 0.3 0 0.05 1.07492762103e-06 1.51954454477e-09
1450 750 0 0.3 0 0.1 4.29913854558e-06 6.41284542825e-09
1450 750 0 0.3 0 0.2 1.71602439073e-05 3.09765785929e-08
1450 750 0 0.3 0 0.25 2.67272836119e-05 5.46061383149e-08
1450 750 0 0.3 0 0.3 3.8269998952e-05 8.95228138001e-08
1450 750 0 0.3 0 0.5 0.000100013876796 4.25182356169e-07
1450 750 0 0.3 0 0.75 0.000189855386563 1.71754689036e-06
1450 750 0 0.3 0 1 0.000267424639522 4.65366425585e-06
1450 750 0 0.5 0 0.01 1.19437460327e-07 1.66079206529e-10
1450 750 0 0.5 0 0.05 2.98591005842e-06 4.35898076683e-09
1450 750 0 0.5 0 0.1 1.19420515155e-05 2.00219670709e-08
1450 750 0 0.5 0 0.2 4.7667344187e-05 1.21414517027e-07
1450 750 0 0.5 0 0.25 7.42424544774e-05 2.38149417928e-07
1450 750 0 0.5 0 0.3 0.000106305552644 4.2838358269e-07
1450 750 0 0.5 0 0.5 0.000277816324434 2.59315196779e-06
1450 750 0 0.5 0 0.75 0.000527376073785 1.19366557647e-05
1450 750 0 0.5 0 1 0.000742846220894 3.40316198234e-05
1450 750 0 0.7 0 0.01 2.3409742224e-07 3.26164505757e-10
1450 750 0 0.7 0 0.05 5.8523837145e-06 8.94939197512e-09
1450 750 0 0.7 0 0.1 2.34064209704e-05 4.573606765e-08
1450 750 0 0.7 0 0.2 9.34279946065e-05 3.41955741588e-07
1450 750 0 0.7 0 0.25 0.000145515210776 7.20982018275e-07
1450 750 0 0.7 0 0.3 0.000208358883183 1.36797657581e-06
1450 750 0 0.7 0 0.5 0.00054451999589 9.2341220668e-06
1450 750 0 0.7 0 0.75 0.00103365710462 4.44629803091e-05
1450 750 0 0.7 0 1 0.00145597859295 0.000128750012379
1450 750 0 0.9 0 0.01 3.86977371458e-07 5.4060092143e-10
1450 750 0 0.9 0 0.05 9.67434858928e-06 1.56882864199e-08
1450 750 0 0.9 0 0.1 3.86922469102e-05 8.99156489038e-08
1450 750 0 0.9 0 0.2 0.000154442195166 7.9446143257e-07
1450 750 0 0.9 0 0.25 0.000240545552507 1.75212515647e-06
1450 750 0 0.9 0 0.3 0.000344429990568 3.42586400091e-06
1450 750 0 0.9 0 0.5 0.000900124891165 2.44149114711e-05
1450 750 0 0.9 0 0.75 0.00170869847906 0.000119933714003
1450 750 0 0.9 0 1 0.0024068217557 0.000349590592966
1450 750 0 1.0 0 0.01 4.77749841307e-07 6.68457521017e-10
1450 750 0 1.0 0 0.05 1.19436402337e-05 2.0023867405e-08
1450 750 0 1.0 0 0.1 4.7768206062e-05 1.21497384808e-07
1450 750 0 1.0 0 0.2 0.000190669376748 1.14881679397e-06
1450 750 0 1.0 0 0.25 0.00029696981791 2.57382955396e-06
1450 750 0 1.0 0 0.3 0.000425222210578 5.0830799541e-06
1450 750 0 1.0 0 0.5 0.00111126529773 3.68492928835e-05
1450 750 0 1.0 0 0.75 0.00210950429514 0.000182103351441
1450 750 0 1.0 0 1 0.00297138488358 0.000531841004324
1450 750 0 1.1 0 0.01 5.78077307981e-07 8.10236467864e-10
1450 750 0 1.1 0 0.05 1.44518046827e-05 2.51056751016e-08
1450 750 0 1.1 0 0.1 5.77995293351e-05 1.61041379816e-07
1450 750 0 1.1 0 0.2 0.000230709945865 1.61474649703e-06
1450 750 0 1.1 0 0.25 0.000359333479671 3.663607122e-06
1450 750 0 1.1 0 0.3 0.000514518874799 7.29212880165e-06
1450 750 0 1.1 0 0.5 0.00134463101026 5.35579452712e-05
1450 750 0 1.1 0 0.75 0.00255250019712 0.000265865114819
1450 750 0 1.1 0 1 0.00359537570913 0.000777595696312
1450 750 0 1.3 0 0.01 8.07397231808e-07 1.13613116295e-09
1450 750 0 1.3 0 0.05 2.01847519949e-05 3.78640717706e-08
1450 750 0 1.3 0 0.1 8.07282682448e-05 2.69714096618e-07
1450 750 0 1.3 0 0.2 0.000322231246704 2.97257956879e-06
1450 750 0 1.3 0 0.25 0.000501878992267 6.87046327671e-06
1450 750 0 1.3 0 0.3 0.000718625535876 1.38293746576e-05
1450 750 0 1.3 0 0.5 0.00187803835317 0.00010344125483
1450 750 0 1.3 0 0.75 0.00356506225879 0.000516652505223
1450 750 0 1.3 0 1 0.00502164045324 0.00151406824082
1450 750 0 1.6 0 0.01 1.22303959375e-06 1.73329962602e-09
1450 750 0 1.6 0 0.05 3.05757189982e-05 6.50413865658e-08
1450 750 0 1.6 0 0.1 0.000122286607519 5.31530698699e-07
1450 750 0 1.6 0 0.2 0.000488113604475 6.47215857607e-06
1450 750 0 1.6 0 0.25 0.000760242733849 1.52217391847e-05
1450 750 0 1.6 0 0.3 0.00108856885908 3.09548412177e-05
1450 750 0 1.6 0 0.5 0.0028448391622 0.000235317242135
1450 750 0 1.6 0 0.75 0.00540033099556 0.00118160728698
1450 750 0 1.6 0 1 0.00760674530196 0.00346861367395
1450 750 0 2.0 0 0.01 1.91099936523e-06 2.74008120251e-09
1450 750 0 2.0 0 0.05 4.77745609347e-05 1.21502579022e-07
1450 750 0 2.0 0 0.1 0.000191072824248 1.14854180363e-06
1450 750 0 2.0 0 0.2 0.000762677506992 1.52058067898e-05
1450 750 0 2.0 0 0.25 0.00118787927164 3.62350283318e-05
1450 750 0 2.0 0 0.3 0.00170088884231 7.42450497899e-05
1450 750 0 2.0 0 0.5 0.00444506119094 0.000571024131731
1450 750 0 2.0 0 0.75 0.00843801718056 0.00287812105987
1450 750 0 2.0 0 1 0.0118855395343 0.00845879641778
1450 750 0.005 0.005 0.005 0.005 6.27547570036e-11 8.58957266881e-14
1450 750 0.005 0.005 0.025 0.025 1.56885783261e-09 2.14738619821e-12
1450 750 0.005 0.005 0.05 0.05 6.27476487874e-09 8.5887797583e-12
1450 750 0.005 0.005 0.15 0.15 5.59709565259e-08 7.66624552134e-11
1450 750 0.005 0.005 0.1 0.1 2.50565725075e-08 3.43019930246e-11
1450 750 0.005 0.005 0.25 0.25 1.47202796942e-07 2.02298254647e-10
1450 750 0.005 0.005 0.375 0.375 2.77320684043e-07 3.84433432593e-10
1450 750 0.005 0.005 0.5 0.5 3.79342898876e-07 5.31109293732e-10
1450 750 0.005 0.005 1.0 1.0 4.99550795921e-07 7.30465296559e-10
1450 750 0.01 0 0.01 0 4.6346144951e-10 6.06569123038e-13
1450 750 0.01 0 0.05 0 1.15861810405e-08 1.51637818017e-11
1450 750 0.01 0 0.1 0 4.63233994469e-08 6.06283023013e-11
1450 750 0.01 0 0.25 0 2.8431078564e-07 3.7235829e-10
1450 750 0.01 0 0.2 0 1.83950095381e-07 2.40821390034e-10
1450 750 0.01 0 0.3 0 4.01733414459e-07 5.2648750046e-10
1450 750 0.01 0 0.5 0 9.29743021972e-07 1.22377373358e-09
1450 750 0.01 0 0.75 0 1.39895737689e-06 1.85093412775e-09
1450 750 0.01 0 1 0 1.59154679419e-06 2.12063500557e-09
1450 750 0.025 0.025 0.005 0.005 1.56886892509e-09 2.1474004457e-12
1450 750 0.025 0.025 0.025 0.025 3.92214458152e-08 5.36892040259e-11
1450 750 0.025 0.025 0.05 0.05 1.56869121968e-07 2.14792282096e-10
1450 750 0.025 0.025 0.15 0.15 1.39927391315e-06 1.92247963662e-09
1450 750 0.025 0.025 0.1 0.1 6.26414312688e-07 8.58715218068e-10
1450 750 0.025 0.025 0.25 0.25 3.68006992356e-06 5.10468848929e-09
1450 750 0.025 0.025 0.375 0.375 6.93301710108e-06 9.8853549939e-09
1450 750 0.025 0.025 0.5 0.5 9.4835724719e-06 1.42443384676e-08
1450 750 0.025 0.025 1.0 1.0 1.2488769898e-05 2.79666589352e-08
1450 750 0.05 0 0.01 0 1.15865362378e-08 1.51642287171e-11
1450 750 0.05 0 0.05 0 2.89654526012e-07 3.79094944428e-10
1450 750 0.05 0 0.1 0 1.15808498617e-06 1.51571362721e-09
1450 750 0.05 0 0.25 0 7.107769641e-06 9.30895725e-09
1450 750 0.05 0 0.2 0 4.59875238454e-06 6.02056886708e-09
1450 750 0.05 0 0.3 0 1.00433353615e-05 1.31626648496e-08
1450 750 0.05 0 0.5 0 2.32435755493e-05 3.08428346323e-08
1450 750 0.05 0 0.75 0 3.49739344221e-05 5.03283039331e-08
1450 750 0.05 0 1 0 3.97886698547e-05 6.70134932432e-08
1450 750 0.05 0.05 0.005 0.005 6.27547570036e-09 8.58969276395e-12
1450 750 0.05 0.05 0.025 0.025 1.56885783261e-07 2.14813679488e-10
1450 750 0.05 0.05 0.05 0.05 6.27476487874e-07 8.6007898011e-10
1450 750 0.05 0.05 0.15 0.15 5.59709565259e-06 7.76389675002e-09
1450 750 0.05 0.05 0.1 0.1 2.50565725075e-06 3.44942827793e-09
1450 750 0.05 0.05 0.25 0.25 1.47202796942e-05 2.1009155496e-08
1450 750 0.05 0.05 0.375 0.375 2.77320684043e-05 4.29729097142e-08
1450 750 0.05 0.05 0.5 0.5 3.79342898876e-05 6.90599304246e-08
1450 750 0.05 0.05 1.0 1.0 4.99550795921e-05 2.33179467256e-07
1450 750 0.125 0.125 0.005 0.005 3.92217231272e-08 5.36895602006e-11
1450 750 0.125 0.125 0.025 0.025 9.80536145381e-07 1.34507326987e-09
1450 750 0.125 0.125 0.05 0.05 3.92172804921e-06 5.41529963876e-09
1450 750 0.125 0.125 0.15 0.15 3.49818478287e-05 5.1760901093e-08
1450 750 0.125 0.125 0.1 0.1 1.56603578172e-05 2.21962507344e-08
1450 750 0.125 0.125 0.25 0.25 9.2001748089e-05 1.57137289176e-07
1450 750 0.125 0.125 0.375 0.375 0.000173325427527 4.18708361776e-07
1450 750 0.125 0.125 0.5 0.5 0.000237089311798 9.60237289395e-07
1450 750 0.125 0.125 1.0 1.0 0.000312219247451 6.76480804916e-06
1450 750 0.15 0.15 0.005 0.005 5.64792813032e-08 7.73159690674e-11
1450 750 0.15 0.15 0.025 0.025 1.41197204935e-06 1.93878200029e-09
1450 750 0.15 0.15 0.05 0.05 5.64728839087e-06 7.82805658682e-09
1450 750 0.15 0.15 0.15 0.15 5.03738608733e-05 7.69769782911e-08
1450 750 0.15 0.15 0.1 0.1 2.25509152568e-05 3.24433254442e-08
1450 750 0.15 0.15 0.25 0.25 0.000132482517248 2.45760947196e-07
1450 750 0.15 0.15 0.375 0.375 0.000249588615639 7.1617920233e-07
1450 750 0.15 0.15 0.5 0.5 0.000341408608989 1.78146672301e-06
1450 750 0.15 0.15 1.0 1.0 0.000449595716329 1.37446470308e-05
1450 750 0.1 0 0.01 0 4.6346144951e-08 6.06569228834e-11
1450 750 0.1 0 0.05 0 1.15861810405e-06 1.51638477004e-09
1450 750 0.1 0 0.1 0 4.63233994469e-06 6.06293037988e-09
1450 750 0.1 0 0.25 0 2.8431078564e-05 3.7235829e-08
1450 750 0.1 0 0.2 0 1.83950095381e-05 2.40827019211e-08
1450 750 0.1 0 0.3 0 4.01733414459e-05 5.26566261249e-08
1450 750 0.1 0 0.5 0 9.29743021972e-05 1.2647747969e-07
1450 750 0.1 0 0.75 0 0.000139895737689 2.52000099973e-07
1450 750 0.1 0 1 0 0.000159154679419 4.43024199273e-07
1450 750 0.1 0.1 0.005 0.005 2.51019028014e-08 3.43602267544e-11
1450 750 0.1 0.1 0.025 0.025 6.27543133044e-07 8.60164532102e-10
1450 750 0.1 0.1 0.05 0.05 2.5099059515e-06 3.45487354808e-09
1450 750 0.1 0.1 0.15 0.15 2.23883826104e-05 3.22392382569e-08
1450 750 0.1 0.1 0.1 0.1 1.0022629003e-05 1.40307916022e-08
1450 750 0.1 0.1 0.25 0.25 5.8881118777e-05 9.34830466061e-08
1450 750 0.1 0.1 0.375 0.375 0.000110928273617 2.26795474674e-07
1450 750 0.1 0.1 0.5 0.5 0.00015173715955 4.69560946564e-07
1450 750 0.1 0.1 1.0 1.0 0.000199820318369 2.87372317328e-06
1450 750 0.25 0 0.01 0 2.89663405944e-07 3.79106118668e-10
1450 750 0.25 0 0.05 0 7.24136315029e-06 9.47762322704e-09
1450 750 0.25 0 0.1 0 2.89521246543e-05 3.78966342317e-08
1450 750 0.25 0 0.25 0 0.000177694241025 2.3272393125e-07
1450 750 0.25 0 0.2 0 0.000114968809613 1.50535544314e-07
1450 750 0.25 0 0.3 0 0.000251083384037 3.29364957565e-07
1450 750 0.25 0 0.5 0 0.000581089388733 9.26377923855e-07
1450 750 0.25 0 0.75 0 0.000874348360554 3.79255181036e-06
1450 750 0.25 0 1 0 0.000994716746368 1.04238486461e-05
1450 750 0.25 0.25 0.005 0.005 1.56886892509e-07 2.14815104031e-10
1450 750 0.25 0.25 0.025 0.025 3.92214458152e-06 5.4158326947e-09
1450 750 0.25 0.25 0.05 0.05 1.56869121968e-05 2.22298558846e-08
1450 750 0.25 0.25 0.15 0.15 0.000139927391315 2.53279981591e-07
1450 750 0.25 0.25 0.1 0.1 6.26414312688e-05 9.78896314718e-08
1450 750 0.25 0.25 0.25 0.25 0.000368006992356 9.97550118499e-07
1450 750 0.25 0.25 0.375 0.375 0.000693301710108 3.8195145337e-06
1450 750 0.25 0.25 0.5 0.5 0.00094835724719 1.13925595039e-05
1450 750 0.25 0.25 1.0 1.0 0.0012488769898 0.000102879751894
1450 750 0.2 0 0.01 0 1.85384579804e-07 2.4262781977e-10
1450 750 0.2 0 0.05 0 4.63447241619e-06 6.06561895738e-09
1450 750 0.2 0 0.1 0 1.85293597787e-05 2.4252935456e-08
1450 750 0.2 0 0.25 0 0.000113724314256 1.48943316e-07
1450 750 0.2 0 0.2 0 7.35800381526e-05 9.63376309282e-08
1450 750 0.2 0 0.3 0 0.000160693365784 2.10721972124e-07
1450 750 0.2 0 0.5 0 0.000371897208789 5.55608177336e-07
1450 750 0.2 0 0.75 0 0.000559582950754 1.81899054774e-06
1450 750 0.2 0 1 0 0.000636618717676 4.5716204179e-06
1450 750 0.35 0.35 0.005 0.005 3.07498309318e-07 4.21180262367e-10
1450 750 0.35 0.35 0.025 0.025 7.68740337978e-06 1.07041938683e-08
1450 750 0.35 0.35 0.05 0.05 3.07463479058e-05 4.49971650423e-08
1450 750 0.35 0.35 0.15 0.15 0.000274257686977 6.12426587086e-07
1450 750 0.35 0.35 0.1 0.1 0.000122777205287 2.14705369751e-07
1450 750 0.35 0.35 0.25 0.25 0.000721293705018 2.88094784521e-06
1450 750 0.35 0.35 0.375 0.375 0.00135887135181 1.28668243961e-05
1450 750 0.35 0.35 0.5 0.5 0.00185878020449 4.12748966644e-05
1450 750 0.35 0.35 1.0 1.0 0.00244779890002 0.000391862833528
1450 750 0.3 0 0.01 0 4.17115304559e-07 5.45913075371e-10
1450 750 0.3 0 0.05 0 1.04275629364e-05 1.36479421937e-08
1450 750 0.3 0 0.1 0 4.16910595022e-05 5.45736570375e-08
1450 750 0.3 0 0.25 0 0.000255879707076 3.35122461e-07
1450 750 0.3 0 0.2 0 0.000165555085843 2.16785256754e-07
1450 750 0.3 0 0.3 0 0.000361560073013 4.74482440868e-07
1450 750 0.3 0 0.5 0 0.000836768719775 1.43648686866e-06
1450 750 0.3 0 0.75 0 0.0012590616392 7.13394178687e-06
1450 750 0.3 0 1 0 0.00143239211477 2.07843595183e-05
1450 750 0.45 0.45 0.005 0.005 5.08313531729e-07 6.96551191147e-10
1450 750 0.45 0.45 0.025 0.025 1.27077484441e-05 1.78912076795e-08
1450 750 0.45 0.45 0.05 0.05 5.08255955178e-05 7.75275163131e-08
1450 750 0.45 0.45 0.15 0.15 0.00045336474786 1.26804731543e-06
1450 750 0.45 0.45 0.1 0.1 0.000202958237311 4.05266075367e-07
1450 750 0.45 0.45 0.25 0.25 0.00119234265523 6.80281089104e-06
1450 750 0.45 0.45 0.375 0.375 0.00224629754075 3.3128877028e-05
1450 750 0.45 0.45 0.5 0.5 0.0030726774809 0.000109987315792
1450 750 0.45 0.45 1.0 1.0 0.00404636144696 0.00106703040114
1450 750 0.55 0.55 0.005 0.005 7.59332559743e-07 1.04111421979e-09
1450 750 0.55 0.55 0.025 0.025 1.89831797746e-05 2.70933303395e-08
1450 750 0.55 0.55 0.05 0.05 7.59246550327e-05 1.21684286035e-07
1450 750 0.55 0.55 0.15 0.15 0.000677248573964 2.37164952749e-06
1450 750 0.55 0.55 0.1 0.1 0.000303184527341 6.994057951e-07
1450 750 0.55 0.55 0.25 0.25 0.001781153843 1.39722816076e-05
1450 750 0.55 0.55 0.375 0.375 0.00335558027692 7.1633363414e-05
1450 750 0.55 0.55 0.5 0.5 0.0045900490764 0.000242274933668
1450 750 0.55 0.55 1.0 1.0 0.00604456463065 0.00237683113368
1450 750 0.5 0 0.01 0 1.15865362378e-06 1.51642948392e-09
1450 750 0.5 0 0.05 0 2.89654526012e-05 3.79136131125e-08
1450 750 0.5 0 0.1 0 0.000115808498617 1.51633956318e-07
1450 750 0.5 0 0.25 0 0.0007107769641 9.30895725e-07
1450 750 0.5 0 0.2 0 0.000459875238454 6.02408710227e-07
1450 750 0.5 0 0.3 0 0.00100433353615 1.32118903432e-06
1450 750 0.5 0 0.5 0 0.00232435755493 5.64684992102e-06
1450 750 0.5 0 0.75 0 0.00349739344221 4.68495098919e-05
1450 750 0.5 0 1 0 0.00397886698547 0.000151051786022
1450 750 0.5 0.5 0.005 0.005 6.27547570036e-07 8.60170227775e-10
1450 750 0.5 0.5 0.025 0.025 1.56885783261e-05 2.22319646225e-08
1450 750 0.5 0.5 0.05 0.05 6.27476487874e-05 9.80179408119e-08
1450 750 0.5 0.5 0.15 0.15 0.000559709565259 1.75290196187e-06
1450 750 0.5 0.5 0.1 0.1 0.000250565725075 5.37232582432e-07
1450 750 0.5 0.5 0.25 0.25 0.00147202796942 9.89421586273e-06
1450 750 0.5 0.5 0.375 0.375 0.00277320684043 4.95929555204e-05
1450 750 0.5 0.5 0.5 0.5 0.00379342898876 0.000166396003556
1450 750 0.5 0.5 1.0 1.0 0.00499550795921 0.00162464732273
1450 750 0.65 0.65 0.005 0.005 1.06055539336e-06 1.45510226009e-09
1450 750 0.65 0.65 0.025 0.025 2.65136973711e-05 3.84561321123e-08
1450 750 0.65 0.65 0.05 0.05 0.000106043526451 1.79796694629e-07
1450 750 0.65 0.65 0.15 0.15 0.000945909165288 4.11261742437e-06
1450 750 0.65 0.65 0.1 0.1 0.000423456075377 1.13441708743e-06
1450 750 0.65 0.65 0.25 0.25 0.00248772726833 2.59007879344e-05
1450 750 0.65 0.65 0.375 0.375 0.00468671956033 0.000137164897285
1450 750 0.65 0.65 0.5 0.5 0.00641089499101 0.000469069146273
1450 750 0.65 0.65 1.0 1.0 0.00844240845107 0.00463182587982
1450 750 0.7 0 0.01 0 2.2709611026e-06 2.97221435568e-09
1450 750 0.7 0 0.05 0 5.67722870983e-05 7.43185096692e-08
1450 750 0.7 0 0.1 0 0.00022698465729 2.97321520153e-07
1450 750 0.7 0 0.25 0 0.00139312284964 1.824555621e-06
1450 750 0.7 0 0.2 0 0.000901355467369 1.18138974996e-06
1450 750 0.7 0 0.3 0 0.00196849373085 2.5988863344e-06
1450 750 0.7 0 0.5 0 0.00455574080766 1.59382551856e-05
1450 750 0.7 0 0.75 0 0.00685489114674 0.000171302073878
1450 750 0.7 0 1 0 0.00779857929153 0.000570414815442
1450 750 0.8 0.8 0.005 0.005 1.60652177929e-06 2.20688034818e-09
1450 750 0.8 0.8 0.025 0.025 4.01627605148e-05 5.99416909248e-08
1450 750 0.8 0.8 0.05 0.05 0.000160633980896 2.99373713255e-07
1450 750 0.8 0.8 0.15 0.15 0.00143285648706 8.42662040506e-06
1450 750 0.8 0.8 0.1 0.1 0.000641448256192 2.15100062732e-06
1450 750 0.8 0.8 0.25 0.25 0.00376839160173 5.67668937505e-05
1450 750 0.8 0.8 0.375 0.375 0.0070994095115 0.000309677931731
1450 750 0.8 0.8 0.5 0.5 0.00971117821123 0.00106934680546
1450 750 0.8 0.8 1.0 1.0 0.0127885003756 0.0106187627987
1450 750 0.9 0 0.01 0 3.75403774103e-06 4.91328000138e-09
1450 750 0.9 0 0.05 0 9.38480664278e-05 1.22870300078e-07
1450 750 0.9 0 0.1 0 0.00037521953552 4.91752886438e-07
1450 750 0.9 0 0.25 0 0.00230291736368 3.016102149e-06
1450 750 0.9 0 0.2 0 0.00148999577259 1.95438340737e-06
1450 750 0.9 0 0.3 0 0.00325404065712 4.31673923302e-06
1450 750 0.9 0 0.5 0 0.00753091847797 3.70817354856e-05
1450 750 0.9 0 0.75 0 0.0113315547528 0.000458346687938
1450 750 0.9 0 1 0 0.0128915290329 0.00154762771538
1450 750 1.0 0 0.01 0 4.6346144951e-06 6.06579808363e-09
1450 750 1.0 0 0.05 0 0.000115861810405 1.5170437572e-07
1450 750 1.0 0 0.1 0 0.000463233994469 6.07294535536e-07
1450 750 1.0 0 0.2 0 0.00183950095381 2.41389936841e-06
1450 750 1.0 0 0.3 0 0.00401733414459 5.3444234022e-06
1450 750 1.0 0 0.5 0 0.00929743021972 5.36488112936e-05
1450 750 1.0 0 0.75 0 0.0139895737689 0.000694266881975
1450 750 1.0 0 1 0 0.0159154679419 0.00235390940709
1450 750 1.0 1.0 0.005 0.005 2.51019028014e-06 3.45523789752e-09
1450 750 1.0 1.0 0.025 0.025 6.27543133044e-05 9.80259999898e-08
1450 750 1.0 1.0 0.05 0.05 0.00025099059515 5.37648039621e-07
1450 750 1.0 1.0 0.15 0.15 0.00223883826104 1.88481204156e-05
1450 750 1.0 1.0 0.1 0.1 0.0010022629003 4.47971523445e-06
1450 750 1.0 1.0 0.25 0.25 0.0058881118777 0.000134041109671
1450 750 1.0 1.0 0.375 0.375 0.0110928273617 0.000747410180252
1450 750 1.0 1.0 0.5 0.5 0.015173715955 0.00259879626288
1450 750 1.0 1.0 1.0 1.0 0.0199820318369 0.0259086423334
1450 750 1.1 0 0.01 0 5.60788353907e-06 7.33964283531e-09
1450 750 1.1 0 0.05 0 0.00014019279059 1.83579208625e-07
1450 750 1.1 0 0.1 0 0.000560513133307 7.35083439036e-07
1450 750 1.1 0 0.25 0 0.00344016050624 4.505535309e-06
1450 750 1.1 0 0.2 0 0.00222579615412 2.92226305769e-06
1450 750 1.1 0 0.3 0 0.00486097431496 6.48696758601e-06
1450 750 1.1 0 0.5 0 0.0112498905659 7.54386679186e-05
1450 750 1.1 0 0.75 0 0.0169273842603 0.001011790091
1450 750 1.1 0 1 0 0.0192577162097 0.00344102950929
1450 750 1.3 0 0.01 0 7.83249849672e-06 1.02513233754e-08
1450 750 1.3 0 0.05 0 0.000195806459584 2.56458015666e-07
1450 750 1.3 0 0.1 0 0.000782865450652 1.02750740777e-06
1450 750 1.3 0 0.25 0 0.00480485227732 6.29285510099e-06
1450 750 1.3 0 0.2 0 0.00310875661195 4.08612041997e-06
1450 750 1.3 0 0.3 0 0.00678929470436 9.12484621322e-06
1450 750 1.3 0 0.5 0 0.0157126570713 0.000138960773857
1450 750 1.3 0 0.75 0 0.0236423796694 0.00196139070671
1450 750 1.3 0 1 0 0.0268971408218 0.0066985439765
1450 750 1.6 0 0.01 0 1.18646131075e-05 1.55288698659e-08
1450 750 1.6 0 0.05 0 0.000296606234636 3.8862903327e-07
1450 750 1.6 0 0.1 0 0.00118587902584 1.55871399138e-06
1450 750 1.6 0 0.25 0 0.00727835611238 9.53237222402e-06
1450 750 1.6 0 0.2 0 0.00470912244177 6.20229013917e-06
1450 750 1.6 0 0.3 0 0.0102843754102 1.39994401619e-05
1450 750 1.6 0 0.5 0 0.0238014213625 0.00030273676145
1450 750 1.6 0 0.75 0 0.0358133088483 0.00447629842991
1450 750 1.6 0 1 0 0.0407435979313 0.0153428226922
1450 750 2.0 0 0.01 0 1.85384579804e-05 2.42644747017e-08
1450 750 2.0 0 0.05 0 0.000463447241619 6.07616275196e-07
1450 750 2.0 0 0.1 0 0.00185293597787 2.44131750636e-06
1450 750 2.0 0 0.25 0 0.0113724314256 1.48943316e-05
1450 750 2.0 0 0.2 0 0.00735800381526 9.72382991367e-06
1450 750 2.0 0 0.3 0 0.0160693365784 2.23323698476e-05
1450 750 2.0 0 0.5 0 0.0371897208789 0.000711577830928
1450 750 2.0 0 0.75 0 0.0559582950754 0.0108869690064
1450 750 2.0 0 1 0 0.0636618717676 0.0374108738364
