med dm gdmv gdma gv ga xsec unc
1475 500 1 0 0.25 0 0.04386027 5.909002e-05
1475 500 0 0.01 0 0.01 -2.40435746487e-06 2.42121722084e-08
1475 500 0 0.01 0 0.05 2.93052848938e-06 5.97741017143e-09
1475 500 0 0.01 0 0.1 3.29899855226e-06 5.70040349779e-09
1475 500 0 0.01 0 0.2 3.87906118381e-06 5.73889203238e-09
1475 500 0 0.01 0 0.25 4.02036293851e-06 5.7592198413e-09
1475 500 0 0.01 0 0.3 4.07125096515e-06 5.73338967621e-09
1475 500 0 0.01 0 0.5 3.99698128613e-06 5.38479613653e-09
1475 500 0 0.01 0 0.75 3.67947272953e-06 4.71521116945e-09
1475 500 0 0.01 0 1 3.19570906773e-06 3.96665954162e-09
1475 500 0 0.05 0 0.01 -1.70620895162e-06 1.17812875312e-06
1475 500 0 0.05 0 0.05 7.13326787694e-05 2.7657600267e-07
1475 500 0 0.05 0 0.1 8.18709075326e-05 1.71915381808e-07
1475 500 0 0.05 0 0.2 9.68027465121e-05 1.47739364991e-07
1475 500 0 0.05 0 0.25 0.000100387109864 1.456418919e-07
1475 500 0 0.05 0 0.3 0.000101692105291 1.43864438775e-07
1475 500 0 0.05 0 0.5 9.98908340339e-05 1.35585751711e-07
1475 500 0 0.05 0 0.75 9.19714147967e-05 1.22181194694e-07
1475 500 0 0.05 0 1 7.98842519924e-05 1.06630364233e-07
1475 500 0 0.1 0 0.01 3.88847107691e-05 1.19737251255e-06
1475 500 0 0.1 0 0.05 0.000263520879986 2.15370800866e-06
1475 500 0 0.1 0 0.1 0.00032017411046 1.01811958655e-06
1475 500 0 0.1 0 0.2 0.0003850546237 6.42583027449e-07
1475 500 0 0.1 0 0.25 0.000400031258798 6.02817525841e-07
1475 500 0 0.1 0 0.3 0.000405657406293 5.81924040723e-07
1475 500 0 0.1 0 0.5 0.000399142884533 5.54427839948e-07
1475 500 0 0.1 0 0.75 0.000367693331569 5.42461051039e-07
1475 500 0 0.1 0 1 0.000319431077136 5.19780911626e-07
1475 500 0 0.25 0 0.01 8.18501653662e-05 3.96700497701e-07
1475 500 0 0.25 0 0.05 0.00106583702902 1.62741540774e-05
1475 500 0 0.25 0 0.1 0.0017342846615 1.4111430768e-05
1475 500 0 0.25 0 0.2 0.00231626681697 5.87013217735e-06
1475 500 0 0.25 0 0.25 0.00243570548426 4.52709358179e-06
1475 500 0 0.25 0 0.3 0.00248775651998 3.88166389093e-06
1475 500 0 0.25 0 0.5 0.00247638151536 3.99683695168e-06
1475 500 0 0.25 0 0.75 0.0022896934927 5.7346277977e-06
1475 500 0 0.25 0 1 0.00199182124758 7.31842972853e-06
1475 500 0 0.2 0 0.01 7.27203976949e-05 5.28202941452e-07
1475 500 0 0.2 0 0.05 0.000804470115035 1.17278542342e-05
1475 500 0 0.2 0 0.1 0.00117665599063 7.61825334236e-06
1475 500 0 0.2 0 0.2 0.00150665020288 3.30000879669e-06
1475 500 0 0.2 0 0.25 0.00157628603068 2.7055130257e-06
1475 500 0 0.2 0 0.3 0.00160508478341 2.42219457195e-06
1475 500 0 0.2 0 0.5 0.00158987311431 2.41174575772e-06
1475 500 0 0.2 0 0.75 0.00146770089223 3.02808784194e-06
1475 500 0 0.2 0 1 0.00127603238029 3.56891921867e-06
1475 500 0 0.3 0 0.01 8.74678412408e-05 3.24854845621e-07
1475 500 0 0.3 0 0.05 0.00129439996839 1.92043591454e-05
1475 500 0 0.3 0 0.1 0.00233744857927 2.22552750753e-05
1475 500 0 0.3 0 0.2 0.00327107723695 9.50576556873e-06
1475 500 0 0.3 0 0.25 0.00346059203313 6.97861339827e-06
1475 500 0 0.3 0 0.3 0.00354744406242 5.73921560271e-06
1475 500 0 0.3 0 0.5 0.00355236275367 6.1593769149e-06
1475 500 0 0.3 0 0.75 0.00329086187688 1.00193628877e-05
1475 500 0 0.3 0 1 0.0028647451648 1.35979922228e-05
1475 500 0 0.5 0 0.01 9.62935730428e-05 2.22116344822e-07
1475 500 0 0.5 0 0.05 0.0019120091293 1.89880790194e-05
1475 500 0 0.5 0 0.1 0.00478533062442 5.35993515335e-05
1475 500 0 0.5 0 0.2 0.00816762647922 3.48736416738e-05
1475 500 0 0.5 0 0.25 0.00891780639816 2.36660760105e-05
1475 500 0 0.5 0 0.3 0.00932386737646 1.73479504579e-05
1475 500 0 0.5 0 0.5 0.00965266687434 2.37389342062e-05
1475 500 0 0.5 0 0.75 0.009040601968 5.6045998525e-05
1475 500 0 0.5 0 1 0.007901795382 8.68290867118e-05
1475 500 0 0.7 0 0.01 0.000103074088841 1.93245471158e-07
1475 500 0 0.7 0 0.05 0.00228763900956 1.36993761742e-05
1475 500 0 0.7 0 0.1 0.0068469471336 6.1932600954e-05
1475 500 0 0.7 0 0.2 0.0138891502387 6.72858264554e-05
1475 500 0 0.7 0 0.25 0.0157584916734 4.75135873867e-05
1475 500 0 0.7 0 0.3 0.0169039933711 3.42420744267e-05
1475 500 0 0.7 0 0.5 0.0183184342698 6.65656308511e-05
1475 500 0 0.7 0 0.75 0.0174303771757 0.000191218288462
1475 500 0 0.7 0 1 0.0153256592523 0.000312003614154
1475 500 0 0.9 0 0.01 0.000110282537451 1.82177735845e-07
1475 500 0 0.9 0 0.05 0.00256164757038 9.77020438678e-06
1475 500 0 0.9 0 0.1 0.00840247169079 5.40275794371e-05
1475 500 0 0.9 0 0.2 0.0194854976542 8.84808079871e-05
1475 500 0 0.9 0 0.25 0.0230046262941 6.82577541373e-05
1475 500 0 0.9 0 0.3 0.0253883090826 5.2684132196e-05
1475 500 0 0.9 0 0.5 0.0290455226024 0.000155458733133
1475 500 0 0.9 0 0.75 0.0281961671197 0.000490620251222
1475 500 0 0.9 0 1 0.0249843679619 0.000821062132584
1475 500 0 1.0 0 0.01 0.000113357115512 1.79457284181e-07
1475 500 0 1.0 0 0.05 0.00266643897234 8.41888013756e-06
1475 500 0 1.0 0 0.1 0.00900420626809 4.81244223913e-05
1475 500 0 1.0 0 0.2 0.0220566025984 9.21266269663e-05
1475 500 0 1.0 0 0.25 0.0265452649306 7.5027012611e-05
1475 500 0 1.0 0 0.3 0.0297215592293 6.18379019794e-05
1475 500 0 1.0 0 0.5 0.0350063858768 0.000225793348639
1475 500 0 1.0 0 0.75 0.0343704599446 0.000730467462964
1475 500 0 1.0 0 1 0.0305929108745 0.00123269622339
1475 500 0 1.1 0 0.01 0.000115878010455 1.77630681971e-07
1475 500 0 1.1 0 0.05 0.00275103681479 7.37266073157e-06
1475 500 0 1.1 0 0.1 0.00950332070456 4.21793062177e-05
1475 500 0 1.1 0 0.2 0.0244293218839 9.15944332373e-05
1475 500 0 1.1 0 0.25 0.0299464392369 7.93123971105e-05
1475 500 0 1.1 0 0.3 0.0340103302048 7.13796083741e-05
1475 500 0 1.1 0 0.5 0.0412695583204 0.00031887189994
1475 500 0 1.1 0 0.75 0.0410132880618 0.00104744886246
1475 500 0 1.1 0 1 0.0366850026359 0.00177961479299
1475 500 0 1.3 0 0.01 0.000119296863731 1.75231081185e-07
1475 500 0 1.3 0 0.05 0.00286865272646 5.93203022306e-06
1475 500 0 1.3 0 0.1 0.0102465665133 3.17807581848e-05
1475 500 0 1.3 0 0.2 0.0285416403387 8.2803397149e-05
1475 500 0 1.3 0 0.25 0.0361857711716 8.38719552972e-05
1475 500 0 1.3 0 0.3 0.0422285682794 9.57558216735e-05
1475 500 0 1.3 0 0.5 0.0544243946109 0.00059182647321
1475 500 0 1.3 0 0.75 0.0555156616889 0.00196754324462
1475 500 0 1.3 0 1 0.0502010845029 0.00337895140943
1475 500 0 1.6 0 0.01 0.000121482254476 1.72539099921e-07
1475 500 0 1.6 0 0.05 0.00295594723637 4.79110267614e-06
1475 500 0 1.6 0 0.1 0.0109096286855 2.17761583186e-05
1475 500 0 1.6 0 0.2 0.033226890485 7.08176615742e-05
1475 500 0 1.6 0 0.25 0.0439345506078 0.000101833769392
1475 500 0 1.6 0 0.3 0.0531526901708 0.000169503785149
1475 500 0 1.6 0 0.5 0.0747790462203 0.00129256980989
1475 500 0 1.6 0 0.75 0.079580054496 0.00427455287119
1475 500 0 1.6 0 1 0.0733237228496 0.00743656658871
1475 500 0 2.0 0 0.01 0.000121704857802 1.69074819551e-07
1475 500 0 2.0 0 0.05 0.00298836294425 4.32115050706e-06
1475 500 0 2.0 0 0.1 0.0113209395742 1.8283925981e-05
1475 500 0 2.0 0 0.2 0.037313023436 9.7126478894e-05
1475 500 0 2.0 0 0.25 0.0514280735793 0.000202857736301
1475 500 0 2.0 0 0.3 0.0646329583177 0.000408046838738
1475 500 0 2.0 0 0.5 0.100946115887 0.00297018016873
1475 500 0 2.0 0 0.75 0.113967274701 0.00965173023392
1475 500 0 2.0 0 1 0.108042981141 0.017064618586
1475 500 0.005 0.005 0.005 0.005 -6.34531551072e-06 7.48906167429e-08
1475 500 0.005 0.005 0.025 0.025 2.47032908914e-06 6.8451802132e-09
1475 500 0.005 0.005 0.05 0.05 2.75521917948e-06 5.13907819853e-09
1475 500 0.005 0.005 0.15 0.15 3.24479356256e-06 4.69390199206e-09
1475 500 0.005 0.005 0.1 0.1 2.98801365712e-06 4.70955988025e-09
1475 500 0.005 0.005 0.25 0.25 3.36226168159e-06 4.64055075023e-09
1475 500 0.005 0.005 0.375 0.375 3.32480968752e-06 4.40824003617e-09
1475 500 0.005 0.005 0.5 0.5 3.16949690272e-06 4.07055683233e-09
1475 500 0.005 0.005 1.0 1.0 2.01113812127e-06 2.47234696147e-09
1475 500 0.01 0 0.01 0 -6.39551278618e-06 1.00261046495e-07
1475 500 0.01 0 0.05 0 6.07166581254e-06 1.42156259364e-08
1475 500 0.01 0 0.1 0 7.14529672762e-06 1.31951020593e-08
1475 500 0.01 0 0.25 0 9.18807123462e-06 1.32759905659e-08
1475 500 0.01 0 0.2 0 8.78156846108e-06 1.32114033039e-08
1475 500 0.01 0 0.3 0 9.37427796986e-06 1.32522572007e-08
1475 500 0.01 0 0.5 0 9.42477818123e-06 1.26635094993e-08
1475 500 0.01 0 0.75 0 8.87518057482e-06 1.13414997221e-08
1475 500 0.01 0 1 0 7.77424212149e-06 9.63194198106e-09
1475 500 0.025 0.025 0.005 0.005 -1.4514107161e-05 2.0984445546e-06
1475 500 0.025 0.025 0.025 0.025 5.89602415594e-05 5.58769968028e-07
1475 500 0.025 0.025 0.05 0.05 6.80040822843e-05 2.02191600832e-07
1475 500 0.025 0.025 0.15 0.15 8.1010702226e-05 1.21748597689e-07
1475 500 0.025 0.025 0.1 0.1 7.44819323376e-05 1.31277474367e-07
1475 500 0.025 0.025 0.25 0.25 8.40125123688e-05 1.1735465598e-07
1475 500 0.025 0.025 0.375 0.375 8.31000552841e-05 1.12501689208e-07
1475 500 0.025 0.025 0.5 0.5 7.92255575243e-05 1.05960877366e-07
1475 500 0.025 0.025 1.0 1.0 5.02759354268e-05 7.02489018229e-08
1475 500 0.05 0 0.01 0 1.11565355436e-05 1.50621046324e-06
1475 500 0.05 0 0.05 0 0.000143386270301 9.11699379429e-07
1475 500 0.05 0 0.1 0 0.000175799677289 4.71820836933e-07
1475 500 0.05 0 0.25 0 0.00022908201282 3.39373371215e-07
1475 500 0.05 0 0.2 0 0.000218668471952 3.50913306164e-07
1475 500 0.05 0 0.3 0 0.000233899957496 3.33005872001e-07
1475 500 0.05 0 0.5 0 0.000235443439984 3.20495455434e-07
1475 500 0.05 0 0.75 0 0.000221796895377 3.03799210028e-07
1475 500 0.05 0 1 0 0.000194309118329 2.72475958522e-07
1475 500 0.05 0.05 0.005 0.005 3.20272528446e-05 1.13735577155e-06
1475 500 0.05 0.05 0.025 0.025 0.000207204635497 4.57654235756e-06
1475 500 0.05 0.05 0.05 0.05 0.000261615819154 1.58166107841e-06
1475 500 0.05 0.05 0.15 0.15 0.000322686173426 5.40854452624e-07
1475 500 0.05 0.05 0.1 0.1 0.000295232912332 6.86759147434e-07
1475 500 0.05 0.05 0.25 0.25 0.000335500896653 4.86092406759e-07
1475 500 0.05 0.05 0.375 0.375 0.000332147624456 4.7867784773e-07
1475 500 0.05 0.05 0.5 0.5 0.000316754343709 4.76274389289e-07
1475 500 0.05 0.05 1.0 1.0 0.000201072350725 3.86472559415e-07
1475 500 0.125 0.125 0.005 0.005 4.55672234153e-05 2.58205207143e-07
1475 500 0.125 0.125 0.025 0.025 0.000713113545326 1.90139176604e-05
1475 500 0.125 0.125 0.05 0.05 0.00129119676456 2.22294811936e-05
1475 500 0.125 0.125 0.15 0.15 0.00195934352663 5.45514782337e-06
1475 500 0.125 0.125 0.1 0.1 0.00173590193123 9.67610455165e-06
1475 500 0.125 0.125 0.25 0.25 0.00207316068899 3.74510514421e-06
1475 500 0.125 0.125 0.375 0.375 0.00206493869004 4.23969657618e-06
1475 500 0.125 0.125 0.5 0.5 0.0019732612856 5.26221369176e-06
1475 500 0.125 0.125 1.0 1.0 0.00125532914254 7.02318050948e-06
1475 500 0.15 0.15 0.005 0.005 4.77591365358e-05 1.9633126076e-07
1475 500 0.15 0.15 0.025 0.025 0.000828260539717 1.89949393608e-05
1475 500 0.15 0.15 0.05 0.05 0.00167670914402 3.23286053687e-05
1475 500 0.15 0.15 0.15 0.15 0.0027799528291 9.16826249202e-06
1475 500 0.15 0.15 0.1 0.1 0.00242496575666 1.66675469601e-05
1475 500 0.15 0.15 0.25 0.25 0.00296776143415 5.90464994185e-06
1475 500 0.15 0.15 0.375 0.375 0.00296528890127 7.04009058118e-06
1475 500 0.15 0.15 0.5 0.5 0.00283664788736 9.2931397432e-06
1475 500 0.15 0.15 1.0 1.0 0.00180663981676 1.35820077407e-05
1475 500 0.1 0 0.01 0 5.04332812652e-05 7.73248370929e-07
1475 500 0.1 0 0.05 0 0.000488006296811 6.32957464618e-06
1475 500 0.1 0 0.1 0 0.000670237080867 3.28081753165e-06
1475 500 0.1 0 0.25 0 0.00090866416247 1.44528267845e-06
1475 500 0.1 0 0.2 0 0.000863964958406 1.64262796377e-06
1475 500 0.1 0 0.3 0 0.000929931937905 1.35169097094e-06
1475 500 0.1 0 0.5 0 0.000939577546045 1.33103551849e-06
1475 500 0.1 0 0.75 0 0.000886155012148 1.46817395933e-06
1475 500 0.1 0 1 0 0.000776650272013 1.48540452732e-06
1475 500 0.1 0.1 0.005 0.005 4.29059560753e-05 3.81468251062e-07
1475 500 0.1 0.1 0.025 0.025 0.000565295011002 1.67216325283e-05
1475 500 0.1 0.1 0.05 0.05 0.000907926598309 1.27521891856e-05
1475 500 0.1 0.1 0.15 0.15 0.00126948002372 2.9589090226e-06
1475 500 0.1 0.1 0.1 0.1 0.00113983723488 4.92336561939e-06
1475 500 0.1 0.1 0.25 0.25 0.00133328730735 2.20596038877e-06
1475 500 0.1 0.1 0.375 0.375 0.00132456530942 2.37198436185e-06
1475 500 0.1 0.1 0.5 0.5 0.00126465403474 2.74207898788e-06
1475 500 0.1 0.1 1.0 1.0 0.000803787057406 3.23194575837e-06
1475 500 0.25 0 0.01 0 8.57178880478e-05 2.62628102525e-07
1475 500 0.25 0 0.05 0 0.00148863302021 2.01760518719e-05
1475 500 0.25 0 0.1 0 0.00318741612025 3.49659679926e-05
1475 500 0.25 0 0.25 0 0.00536450463664 1.16340194298e-05
1475 500 0.25 0 0.2 0 0.00497334388328 1.68436158558e-05
1475 500 0.25 0 0.3 0 0.00557534890067 8.95410754678e-06
1475 500 0.25 0 0.5 0 0.00577796164502 1.05187996975e-05
1475 500 0.25 0 0.75 0 0.00549364811398 2.01662904757e-05
1475 500 0.25 0 1 0 0.00482853932832 2.64636780317e-05
1475 500 0.25 0.25 0.005 0.005 5.02924847756e-05 1.1799583281e-07
1475 500 0.25 0.25 0.025 0.025 0.00107644577197 1.27864439119e-05
1475 500 0.25 0.25 0.05 0.05 0.00300434243083 5.61646282485e-05
1475 500 0.25 0.25 0.15 0.15 0.00711238918978 3.96451683093e-05
1475 500 0.25 0.25 0.1 0.1 0.00574847896878 6.35207043143e-05
1475 500 0.25 0.25 0.25 0.25 0.00797036774502 2.39451806305e-05
1475 500 0.25 0.25 0.375 0.375 0.00810630669784 3.4428875085e-05
1475 500 0.25 0.25 0.5 0.5 0.00780201037823 5.32269056596e-05
1475 500 0.25 0.25 1.0 1.0 0.00500177988357 9.35256078015e-05
1475 500 0.2 0 0.01 0 8.054789064e-05 3.17903062666e-07
1475 500 0.2 0 0.05 0 0.00121637089044 1.87254969496e-05
1475 500 0.2 0 0.1 0 0.00226749036312 2.19675157883e-05
1475 500 0.2 0 0.25 0 0.00351686507514 6.88332794628e-06
1475 500 0.2 0 0.2 0 0.00329448443002 9.4264929479e-06
1475 500 0.2 0 0.3 0 0.00363165553674 5.63556838205e-06
1475 500 0.2 0 0.5 0 0.00372355764651 6.12145716019e-06
1475 500 0.2 0 0.75 0 0.00352817958456 9.90259692177e-06
1475 500 0.2 0 1 0 0.00309725023541 1.22414132725e-05
1475 500 0.35 0.35 0.005 0.005 5.23056092258e-05 9.90637980994e-08
1475 500 0.35 0.35 0.025 0.025 0.00120958660502 8.09011125674e-06
1475 500 0.35 0.35 0.05 0.05 0.00394000415259 5.25367610202e-05
1475 500 0.35 0.35 0.15 0.15 0.0124587529329 9.29921633349e-05
1475 500 0.35 0.35 0.1 0.1 0.00926329980981 0.00011403493193
1475 500 0.35 0.35 0.25 0.25 0.0148806171625 6.54013953461e-05
1475 500 0.35 0.35 0.375 0.375 0.015518215835 0.000109776709061
1475 500 0.35 0.35 0.5 0.5 0.0150685978308 0.00018298697524
1475 500 0.35 0.35 1.0 1.0 0.00975481230603 0.000345732618493
1475 500 0.3 0 0.01 0 8.91636055499e-05 2.33339523203e-07
1475 500 0.3 0 0.05 0 0.00170750624848 1.94867160453e-05
1475 500 0.3 0 0.1 0 0.00410168538394 4.65034799568e-05
1475 500 0.3 0 0.25 0 0.00750651568743 1.77610585154e-05
1475 500 0.3 0 0.2 0 0.0068767814445 2.65107773535e-05
1475 500 0.3 0 0.3 0 0.00786052783743 1.29957280762e-05
1475 500 0.3 0 0.5 0 0.00825070998279 1.6857425115e-05
1475 500 0.3 0 0.75 0 0.0078773959432 3.72513349105e-05
1475 500 0.3 0 1 0 0.00693396383438 5.09430612728e-05
1475 500 0.45 0.45 0.005 0.005 5.50611402336e-05 9.20090998682e-08
1475 500 0.45 0.45 0.025 0.025 0.00131364765431 5.56884305685e-06
1475 500 0.45 0.45 0.05 0.05 0.00460457600315 4.14399225681e-05
1475 500 0.45 0.45 0.15 0.15 0.0180254268895 0.000153536104333
1475 500 0.45 0.45 0.1 0.1 0.0123962706263 0.000141811271646
1475 500 0.45 0.45 0.25 0.25 0.0231322452911 0.000140679936597
1475 500 0.45 0.45 0.375 0.375 0.0248766544786 0.000270533912119
1475 500 0.45 0.45 0.5 0.5 0.0244311036923 0.00047008944012
1475 500 0.45 0.45 1.0 1.0 0.0160189763568 0.000924565893592
1475 500 0.55 0.55 0.005 0.005 5.75410378677e-05 8.91539419215e-08
1475 500 0.55 0.55 0.025 0.025 0.00139328216615 4.2248119823e-06
1475 500 0.55 0.55 0.05 0.05 0.00507516958221 3.17966191967e-05
1475 500 0.55 0.55 0.15 0.15 0.0232712691073 0.000205735914379
1475 500 0.55 0.55 0.1 0.1 0.0149500708134 0.000146675838286
1475 500 0.55 0.55 0.25 0.25 0.0321539320436 0.000258340995897
1475 500 0.55 0.55 0.375 0.375 0.0358005459644 0.000561173953663
1475 500 0.55 0.55 0.5 0.5 0.0356349552663 0.00100187358104
1475 500 0.55 0.55 1.0 1.0 0.0237333227154 0.00202872026152
1475 500 0.5 0 0.01 0 0.000102415834135 1.89826608484e-07
1475 500 0.5 0 0.05 0 0.00231945284013 1.21813634207e-05
1475 500 0.5 0 0.1 0 0.00722331666856 5.89114164359e-05
1475 500 0.5 0 0.25 0 0.0178931292976 4.79542765473e-05
1475 500 0.5 0 0.2 0 0.0154980563729 6.98594905548e-05
1475 500 0.5 0 0.3 0 0.0194579670872 3.24553919377e-05
1475 500 0.5 0 0.5 0 0.021852720354 7.61132245269e-05
1475 500 0.5 0 0.75 0 0.0213537837903 0.000233257566227
1475 500 0.5 0 1 0 0.0189562614085 0.000344361761812
1475 500 0.5 0.5 0.005 0.005 5.63773021586e-05 9.02696287334e-08
1475 500 0.5 0.5 0.025 0.025 0.0013566672431 4.79468569129e-06
1475 500 0.5 0.5 0.05 0.05 0.00486107092617 3.62665298392e-05
1475 500 0.5 0.5 0.15 0.15 0.0207112287175 0.000181251403667
1475 500 0.5 0.5 0.1 0.1 0.0137482086308 0.000146495119908
1475 500 0.5 0.5 0.25 0.25 0.0275805007031 0.000193730387727
1475 500 0.5 0.5 0.375 0.375 0.0301680759754 0.00039666346968
1475 500 0.5 0.5 0.5 0.5 0.0298203173751 0.00069947690913
1475 500 0.5 0.5 1.0 1.0 0.019699211739 0.00139697732979
1475 500 0.65 0.65 0.005 0.005 5.93044860195e-05 8.7918486985e-08
1475 500 0.65 0.65 0.025 0.025 0.00144792213561 3.48181552024e-06
1475 500 0.65 0.65 0.05 0.05 0.00539648732658 2.4979059074e-05
1475 500 0.65 0.65 0.15 0.15 0.0279211339582 0.000244882827673
1475 500 0.65 0.65 0.1 0.1 0.0169316354418 0.00013915511321
1475 500 0.65 0.65 0.25 0.25 0.0414423210244 0.000426134309554
1475 500 0.65 0.65 0.375 0.375 0.0478838183051 0.00102955203931
1475 500 0.65 0.65 0.5 0.5 0.0483902350314 0.00187558826168
1475 500 0.65 0.65 1.0 1.0 0.032823847471 0.00389548478655
1475 500 0.7 0 0.01 0 0.000114064671383 1.79663067932e-07
1475 500 0.7 0 0.05 0 0.00270172944442 7.64383008259e-06
1475 500 0.7 0 0.1 0 0.00928119773815 4.28556456068e-05
1475 500 0.7 0 0.25 0 0.0288681854941 6.23210113173e-05
1475 500 0.7 0 0.2 0 0.0236124314837 8.16836604021e-05
1475 500 0.7 0 0.3 0 0.0327547529718 4.73653670028e-05
1475 500 0.7 0 0.5 0 0.0400214511516 0.000242790083803
1475 500 0.7 0 0.75 0 0.040377847362 0.000820538205781
1475 500 0.7 0 1 0 0.0362854597881 0.00124343210841
1475 500 0.8 0.8 0.005 0.005 6.07094523573e-05 8.69454447993e-08
1475 500 0.8 0.8 0.025 0.025 0.00149312818214 2.90966290297e-06
1475 500 0.8 0.8 0.05 0.05 0.00568403096608 1.88768140444e-05
1475 500 0.8 0.8 0.15 0.15 0.0336327950543 0.000290419016421
1475 500 0.8 0.8 0.1 0.1 0.0190372603276 0.000123704706042
1475 500 0.8 0.8 0.25 0.25 0.0550360412533 0.000790729404359
1475 500 0.8 0.8 0.375 0.375 0.0673089815301 0.00216853368029
1475 500 0.8 0.8 0.5 0.5 0.0697496149852 0.00404722734394
1475 500 0.8 0.8 1.0 1.0 0.0488496500339 0.00872116012671
1475 500 0.9 0 0.01 0 0.000120419068742 1.76485319459e-07
1475 500 0.9 0 0.05 0 0.00290599509135 5.51185416422e-06
1475 500 0.9 0 0.1 0 0.0104826059827 2.72923649824e-05
1475 500 0.9 0 0.25 0 0.0385395271223 5.78835656309e-05
1475 500 0.9 0 0.2 0 0.0299990150878 6.29950178297e-05
1475 500 0.9 0 0.3 0 0.0455154284888 6.66306512363e-05
1475 500 0.9 0 0.5 0 0.0607897953372 0.000619180805927
1475 500 0.9 0 0.75 0 0.0637105934721 0.00210247652086
1475 500 0.9 0 1 0 0.0581467642908 0.00322667424302
1475 500 1.0 0 0.01 0 0.000122089354037 1.75423258618e-07
1475 500 1.0 0 0.05 0 0.00296376482055 4.9295172818e-06
1475 500 1.0 0 0.1 0 0.0108675000869 2.20114473113e-05
1475 500 1.0 0 0.2 0 0.032522735525 5.32671952438e-05
1475 500 1.0 0 0.3 0 0.0513067356881 9.02131880262e-05
1475 500 1.0 0 0.5 0 0.0715692445342 0.000925803641945
1475 500 1.0 0 0.75 0 0.0765609205861 0.00310713806967
1475 500 1.0 0 1 0 0.0704911800419 0.00479035224246
1475 500 1.0 1.0 0.005 0.005 6.13011866739e-05 8.58219461266e-08
1475 500 1.0 1.0 0.025 0.025 0.00151607351654 2.60890789962e-06
1475 500 1.0 1.0 0.05 0.05 0.00586725997841 1.55644559578e-05
1475 500 1.0 1.0 0.15 0.15 0.0391560043402 0.000369160770081
1475 500 1.0 1.0 0.1 0.1 0.0207633932264 0.000116987866578
1475 500 1.0 1.0 0.25 0.25 0.0712897518373 0.0015382586612
1475 500 1.0 1.0 0.375 0.375 0.0937715832531 0.00471419282439
1475 500 1.0 1.0 0.5 0.5 0.100732071194 0.00904208486721
1475 500 1.0 1.0 1.0 1.0 0.0741533669712 0.0205188472098
1475 500 1.1 0 0.01 0 0.000123140443201 1.74436132486e-07
1475 500 1.1 0 0.05 0 0.00300305998401 4.55408068574e-06
1475 500 1.1 0 0.1 0 0.0111556465436 1.84697860559e-05
1475 500 1.1 0 0.25 0 0.0463196919332 6.9707505566e-05
1475 500 1.1 0 0.2 0 0.0346565591732 4.87516402817e-05
1475 500 1.1 0 0.3 0 0.0566160245343 0.000131763340138
1475 500 1.1 0 0.5 0 0.082346494429 0.00133357769936
1475 500 1.1 0 0.75 0 0.0899651372715 0.00440787773205
1475 500 1.1 0 1 0 0.0836128234113 0.00682383376136
1475 500 1.3 0 0.01 0 0.000124135820176 1.72517756427e-07
1475 500 1.3 0 0.05 0 0.00304727055975 4.2375319728e-06
1475 500 1.3 0 0.1 0 0.0115360192921 1.59754367466e-05
1475 500 1.3 0 0.25 0 0.0523007220787 0.000135458942617
1475 500 1.3 0 0.2 0 0.0379603306761 6.47649980151e-05
1475 500 1.3 0 0.3 0 0.0657393201798 0.000291377242925
1475 500 1.3 0 0.5 0 0.103262080131 0.00251197413767
1475 500 1.3 0 0.75 0 0.117753196317 0.00803843718705
1475 500 1.3 0 1 0 0.111674333721 0.0125449731121
1475 500 1.6 0 0.01 0 0.000124254183835 1.69613349441e-07
1475 500 1.6 0 0.05 0 0.00306823674624 4.44207569452e-06
1475 500 1.6 0 0.1 0 0.0118190161419 2.08762049806e-05
1475 500 1.6 0 0.25 0 0.0585524920161 0.000372216406596
1475 500 1.6 0 0.2 0 0.0411499963049 0.000161257745513
1475 500 1.6 0 0.3 0 0.0759399037994 0.000767817913018
1475 500 1.6 0 0.5 0 0.131374693589 0.00533384870963
1475 500 1.6 0 0.75 0 0.15957567052 0.0164323684536
1475 500 1.6 0 1 0 0.156407044466 0.0260010827054
1475 500 2.0 0 0.01 0 0.000122993464446 1.65251876377e-07
1475 500 2.0 0 0.05 0 0.00304978823684 5.35020694325e-06
1475 500 2.0 0 0.1 0 0.011895632543 3.68288947484e-05
1475 500 2.0 0 0.25 0 0.0631772239233 0.000918630837412
1475 500 2.0 0 0.2 0 0.0432392661698 0.000399809132744
1475 500 2.0 0 0.3 0 0.0842048688985 0.00182018564831
1475 500 2.0 0 0.5 0 0.160406034252 0.0110717299036
1475 500 2.0 0 0.75 0 0.21052020934 0.0333794105333
1475 500 2.0 0 1 0 0.216101509207 0.0540999337523
