med dm gdmv gdma gv ga xsec unc
1825 850 1 0 0.25 0 0.010364347 1.4061261e-05
1825 850 0 0.01 0 0.01 -5.39641108911e-08 4.46261399698e-10
1825 850 0 0.01 0 0.05 1.8255715385e-07 2.57592113803e-10
1825 850 0 0.01 0 0.1 1.93831934771e-07 2.65843166984e-10
1825 850 0 0.01 0 0.2 1.90096056341e-07 2.54112676574e-10
1825 850 0 0.01 0 0.25 1.9007074782e-07 2.514890476e-10
1825 850 0 0.01 0 0.3 1.91577821494e-07 2.51375521958e-10
1825 850 0 0.01 0 0.5 2.06566155495e-07 2.58720928079e-10
1825 850 0 0.01 0 0.75 2.22251634255e-07 2.64854999855e-10
1825 850 0 0.01 0 1 2.26502045598e-07 2.6444448966e-10
1825 850 0 0.05 0 0.01 -1.1687873435e-06 3.19179879538e-08
1825 850 0 0.05 0 0.05 4.54745378711e-06 7.1777826105e-09
1825 850 0 0.05 0 0.1 4.84109721009e-06 6.81269200914e-09
1825 850 0 0.05 0 0.2 4.75124131048e-06 6.37195315522e-09
1825 850 0 0.05 0 0.25 4.75103941956e-06 6.29478826003e-09
1825 850 0 0.05 0 0.3 4.78894821689e-06 6.29242811163e-09
1825 850 0 0.05 0 0.5 5.16397319698e-06 6.54652498072e-09
1825 850 0 0.05 0 0.75 5.55620166361e-06 6.91856434999e-09
1825 850 0 0.05 0 1 5.66249515079e-06 7.24370909541e-09
1825 850 0 0.1 0 0.01 -2.42235177277e-06 2.06805560377e-07
1825 850 0 0.1 0 0.05 1.79870123721e-05 3.74712727316e-08
1825 850 0 0.1 0 0.1 1.93058447885e-05 2.93068404399e-08
1825 850 0 0.1 0 0.2 1.89904694213e-05 2.57259711641e-08
1825 850 0 0.1 0 0.25 1.89950470386e-05 2.52734526944e-08
1825 850 0 0.1 0 0.3 1.91495787452e-05 2.52701955353e-08
1825 850 0 0.1 0 0.5 2.06536345038e-05 2.71673520291e-08
1825 850 0 0.1 0 0.75 2.22236918177e-05 3.13889772462e-08
1825 850 0 0.1 0 1 2.26492807637e-05 3.68820358545e-08
1825 850 0 0.25 0 0.01 1.62485007603e-05 4.78897880683e-07
1825 850 0 0.25 0 0.05 0.000104309138439 5.16802045614e-07
1825 850 0 0.25 0 0.1 0.00011815932464 2.66418698737e-07
1825 850 0 0.25 0 0.2 0.000118060485619 1.70938077282e-07
1825 850 0 0.25 0 0.25 0.000118321995526 1.62025640922e-07
1825 850 0 0.25 0 0.3 0.000119413747037 1.62330446187e-07
1825 850 0 0.25 0 0.5 0.000128986668322 2.12720606056e-07
1825 850 0 0.25 0 0.75 0.000138849398652 3.58661277431e-07
1825 850 0 0.25 0 1 0.000141527443369 5.76383630609e-07
1825 850 0 0.2 0 0.01 7.62030980894e-06 4.89261204526e-07
1825 850 0 0.2 0 0.05 6.88835078688e-05 2.65379729332e-07
1825 850 0 0.2 0 0.1 7.63003099611e-05 1.48564951361e-07
1825 850 0 0.2 0 0.2 7.57309664061e-05 1.06652733547e-07
1825 850 0 0.2 0 0.25 7.58347783039e-05 1.02589058224e-07
1825 850 0 0.2 0 0.3 7.64990601086e-05 1.02687493334e-07
1825 850 0 0.2 0 0.5 8.25785295373e-05 1.24368362259e-07
1825 850 0 0.2 0 0.75 8.88769597716e-05 1.84982559598e-07
1825 850 0 0.2 0 1 9.05859591174e-05 2.74027592241e-07
1825 850 0 0.3 0 0.01 2.38918558523e-05 4.28421807659e-07
1825 850 0 0.3 0 0.05 0.000144761478072 8.81202821007e-07
1825 850 0 0.3 0 0.1 0.000168319476479 4.40155391228e-07
1825 850 0 0.3 0 0.2 0.000169535782374 2.53542474163e-07
1825 850 0 0.3 0 0.25 0.000170085815467 2.36326062834e-07
1825 850 0 0.3 0 0.3 0.000171752032117 2.37064176303e-07
1825 850 0 0.3 0 0.5 0.000185666632926 3.38689841805e-07
1825 850 0 0.3 0 0.75 0.000199906416588 6.38989517014e-07
1825 850 0 0.3 0 1 0.000203776495307 1.09080849929e-06
1825 850 0 0.5 0 0.01 3.85857849114e-05 2.35482671444e-07
1825 850 0 0.5 0 0.05 0.000332618224931 3.23749174577e-06
1825 850 0 0.5 0 0.1 0.000439970765275 1.93869622806e-06
1825 850 0 0.5 0 0.2 0.000463458793766 8.14292067442e-07
1825 850 0 0.5 0 0.25 0.000467704733867 7.02989594256e-07
1825 850 0 0.5 0 0.3 0.000473823918527 7.11835163062e-07
1825 850 0 0.5 0 0.5 0.000514544324049 1.46378436811e-06
1825 850 0 0.5 0 0.75 0.000554703310702 3.7535674181e-06
1825 850 0 0.5 0 1 0.000565673643432 7.24260023658e-06
1825 850 0 0.7 0 0.01 4.25473961935e-05 1.49782550599e-07
1825 850 0 0.7 0 0.05 0.000518825551471 5.75840585006e-06
1825 850 0 0.7 0 0.1 0.000792001033474 5.00711594931e-06
1825 850 0 0.7 0 0.2 0.000887265483596 1.8660622112e-06
1825 850 0 0.7 0 0.25 0.000903077490658 1.50256179015e-06
1825 850 0 0.7 0 0.3 0.000919268344051 1.55124225721e-06
1825 850 0 0.7 0 0.5 0.00100501091858 4.40526585931e-06
1825 850 0 0.7 0 0.75 0.00108548188698 1.31647861329e-05
1825 850 0 0.7 0 1 0.00110762761204 2.65639828025e-05
1825 850 0 0.9 0 0.01 4.47673979702e-05 1.14860882565e-07
1825 850 0 0.9 0 0.05 0.000673992746327 7.3136213271e-06
1825 850 0 0.9 0 0.1 0.00118031122796 9.31501847886e-06
1825 850 0 0.9 0 0.2 0.0014226413182 3.54210289676e-06
1825 850 0 0.9 0 0.25 0.00146387086759 2.72654514254e-06
1825 850 0 0.9 0 0.3 0.00149934589097 2.90684775789e-06
1825 850 0 0.9 0 0.5 0.00165370561797 1.06640527764e-05
1825 850 0 0.9 0 0.75 0.00179055411919 3.45344658466e-05
1825 850 0 0.9 0 1 0.00182857283494 7.11222608242e-05
1825 850 0 1.0 0 0.01 4.56278274861e-05 1.0561681748e-07
1825 850 0 1.0 0 0.05 0.000737579251134 7.68470609562e-06
1825 850 0 1.0 0 0.1 0.00137644563388 1.16491382782e-05
1825 850 0 1.0 0 0.2 0.00172558542084 4.6320487858e-06
1825 850 0 1.0 0 0.25 0.00178668372513 3.52575498803e-06
1825 850 0 1.0 0 0.3 0.00183652544144 3.83939959148e-06
1825 850 0 1.0 0 0.5 0.00203605544453 1.56416675725e-05
1825 850 0 1.0 0 0.75 0.00220777417779 5.19784878781e-05
1825 850 0 1.0 0 1 0.00225573869828 0.000107717290224
1825 850 0 1.1 0 0.01 4.63091048131e-05 9.90671092833e-08
1825 850 0 1.1 0 0.05 0.000792276791026 7.83159236329e-06
1825 850 0 1.1 0 0.1 0.00156921324958 1.39292120453e-05
1825 850 0 1.1 0 0.2 0.00204832597139 5.88470767401e-06
1825 850 0 1.1 0 0.25 0.002135060063 4.46332944293e-06
1825 850 0 1.1 0 0.3 0.00220311701653 4.98100081655e-06
1825 850 0 1.1 0 0.5 0.00245624089727 2.22349362274e-05
1825 850 0 1.1 0 0.75 0.00266768989284 7.53695290215e-05
1825 850 0 1.1 0 1 0.00272709520115 0.000156932203367
1825 850 0 1.3 0 0.01 4.71542984347e-05 9.02295173986e-08
1825 850 0 1.3 0 0.05 0.000878519664391 7.6330313614e-06
1825 850 0 1.3 0 0.1 0.00193524558364 1.79005078219e-05
1825 850 0 1.3 0 0.2 0.00274202243817 8.81877909637e-06
1825 850 0 1.3 0 0.25 0.00289990557851 6.78949791664e-06
1825 850 0 1.3 0 0.3 0.00301796671178 8.03041774307e-06
1825 850 0 1.3 0 0.5 0.00340728313503 4.16005444646e-05
1825 850 0 1.3 0 0.75 0.00371413526639 0.000144986210605
1825 850 0 1.3 0 1 0.00380143916818 0.000303892357905
1825 850 0 1.6 0 0.01 4.75488490192e-05 8.17306650637e-08
1825 850 0 1.6 0 0.05 0.000964643448467 6.67703545933e-06
1825 850 0 1.6 0 0.1 0.00241688686917 2.15171231075e-05
1825 850 0 1.6 0 0.2 0.00386322591771 1.39382975596e-05
1825 850 0 1.6 0 0.25 0.00418456117534 1.15358056325e-05
1825 850 0 1.6 0 0.3 0.00441830942922 1.51478448735e-05
1825 850 0 1.6 0 0.5 0.00509854122762 9.1872698903e-05
1825 850 0 1.6 0 0.75 0.00559399858675 0.000328086642026
1825 850 0 1.6 0 1 0.00573795728603 0.000691857684961
1825 850 0 2.0 0 0.01 4.74532048998e-05 7.43570896461e-08
1825 850 0 2.0 0 0.05 0.00103111674713 5.16236989312e-06
1825 850 0 2.0 0 0.1 0.00292391594387 2.19743595913e-05
1825 850 0 2.0 0 0.2 0.00541234477427 2.10403072247e-05
1825 850 0 2.0 0 0.25 0.00606528724444 2.07047722349e-05
1825 850 0 2.0 0 0.3 0.00654275185843 3.16472055535e-05
1825 850 0 2.0 0 0.5 0.00780952043627 0.000217727852749
1825 850 0 2.0 0 0.75 0.00865871413264 0.000790569821497
1825 850 0 2.0 0 1 0.00891313965432 0.00167521590842
1825 850 0.005 0.005 0.005 0.005 -4.84636361132e-08 1.86907981791e-09
1825 850 0.005 0.005 0.025 0.025 4.72451471926e-07 7.76633518321e-10
1825 850 0.005 0.005 0.05 0.05 5.43252642606e-07 7.77606773816e-10
1825 850 0.005 0.005 0.15 0.15 5.35150034993e-07 7.18594776251e-10
1825 850 0.005 0.005 0.1 0.1 5.56436259345e-07 7.63928627451e-10
1825 850 0.005 0.005 0.25 0.25 4.93688051165e-07 6.53212609286e-10
1825 850 0.005 0.005 0.375 0.375 4.44333347592e-07 5.73069746083e-10
1825 850 0.005 0.005 0.5 0.5 3.8901847194e-07 4.91360263017e-10
1825 850 0.005 0.005 1.0 1.0 2.09714703817e-07 2.80839691117e-10
1825 850 0.01 0 0.01 0 -6.12712912983e-07 1.11053479485e-08
1825 850 0.01 0 0.05 0 1.91989316196e-06 2.8647270149e-09
1825 850 0.01 0 0.1 0 2.0339285805e-06 2.82989605379e-09
1825 850 0.01 0 0.25 0 1.87741349926e-06 2.51127352989e-09
1825 850 0.01 0 0.2 0 1.93234131708e-06 2.60487491786e-09
1825 850 0.01 0 0.3 0 1.82415520668e-06 2.43035740332e-09
1825 850 0.01 0 0.5 0 1.62382119486e-06 2.1047740257e-09
1825 850 0.01 0 0.75 0 1.35821838676e-06 1.68268876037e-09
1825 850 0.01 0 1 0 1.13647435543e-06 1.36481234383e-09
1825 850 0.025 0.025 0.005 0.005 -3.03262497012e-06 1.45974972824e-07
1825 850 0.025 0.025 0.025 0.025 1.15845603254e-05 3.24750170914e-08
1825 850 0.025 0.025 0.05 0.05 1.35098318254e-05 2.27365846901e-08
1825 850 0.025 0.025 0.15 0.15 1.3369677701e-05 1.81560891207e-08
1825 850 0.025 0.025 0.1 0.1 1.38904092257e-05 1.98227310485e-08
1825 850 0.025 0.025 0.25 0.25 1.23391020634e-05 1.63782511944e-08
1825 850 0.025 0.025 0.375 0.375 1.11069915717e-05 1.4490767229e-08
1825 850 0.025 0.025 0.5 0.5 9.72474410676e-06 1.26026529131e-08
1825 850 0.025 0.025 1.0 1.0 5.24273769724e-06 7.72675318279e-09
1825 850 0.05 0 0.01 0 1.7876230477e-06 5.24777371302e-07
1825 850 0.05 0 0.05 0 4.62158003878e-05 1.42968251641e-07
1825 850 0.05 0 0.1 0 5.0312520085e-05 8.7870373775e-08
1825 850 0.05 0 0.25 0 4.68508951695e-05 6.32093102409e-08
1825 850 0.05 0 0.2 0 4.81748887903e-05 6.69905652361e-08
1825 850 0.05 0 0.3 0 4.55462188629e-05 6.07296435274e-08
1825 850 0.05 0 0.5 0 4.05757270414e-05 5.35895673383e-08
1825 850 0.05 0 0.75 0 3.3947370329e-05 4.51155126553e-08
1825 850 0.05 0 1 0 2.84078469852e-05 3.90353259201e-08
1825 850 0.05 0.05 0.005 0.005 -1.75666042807e-06 2.46197519532e-07
1825 850 0.05 0.05 0.025 0.025 4.37048037399e-05 2.51032969693e-07
1825 850 0.05 0.05 0.05 0.05 5.31646847494e-05 1.29358178873e-07
1825 850 0.05 0.05 0.15 0.15 5.33656393561e-05 7.49893321604e-08
1825 850 0.05 0.05 0.1 0.1 5.53069544432e-05 8.81628388326e-08
1825 850 0.05 0.05 0.25 0.25 4.9317719626e-05 6.61115028946e-08
1825 850 0.05 0.05 0.375 0.375 4.44112535948e-05 6.00128800477e-08
1825 850 0.05 0.05 0.5 0.5 3.88900378084e-05 5.43927470317e-08
1825 850 0.05 0.05 1.0 1.0 2.09693921201e-05 3.97282197361e-08
1825 850 0.125 0.125 0.005 0.005 1.67682939623e-05 9.36408823604e-08
1825 850 0.125 0.125 0.025 0.025 0.000195106088135 2.49550886789e-06
1825 850 0.125 0.125 0.05 0.05 0.000298404530995 1.92356513502e-06
1825 850 0.125 0.125 0.15 0.15 0.000328666630178 5.65690624713e-07
1825 850 0.125 0.125 0.1 0.1 0.000334908069543 8.93890672301e-07
1825 850 0.125 0.125 0.25 0.25 0.00030655282353 4.39193671075e-07
1825 850 0.125 0.125 0.375 0.375 0.000276841054432 4.6461158244e-07
1825 850 0.125 0.125 0.5 0.5 0.000242672270665 5.13912750826e-07
1825 850 0.125 0.125 1.0 1.0 0.000130989583348 6.33990802044e-07
1825 850 0.15 0.15 0.005 0.005 1.85921801823e-05 7.41829841584e-08
1825 850 0.15 0.15 0.025 0.025 0.000244771088554 3.22117245341e-06
1825 850 0.15 0.15 0.05 0.05 0.000407849973718 3.22163976876e-06
1825 850 0.15 0.15 0.15 0.15 0.000469685032793 8.81615462948e-07
1825 850 0.15 0.15 0.1 0.1 0.000474516053452 1.50502135403e-06
1825 850 0.15 0.15 0.25 0.25 0.000440176506999 6.5186471484e-07
1825 850 0.15 0.15 0.375 0.375 0.000398102839743 7.36423648004e-07
1825 850 0.15 0.15 0.5 0.5 0.000349154096529 8.709869161e-07
1825 850 0.15 0.15 1.0 1.0 0.000188572790723 1.20362783044e-06
1825 850 0.1 0 0.01 0 2.6111391594e-05 4.15655900543e-07
1825 850 0.1 0 0.05 0 0.00016573849142 1.08507678552e-06
1825 850 0.1 0 0.1 0 0.000194826420948 5.37483215296e-07
1825 850 0.1 0 0.25 0 0.000186355370952 2.57912797619e-07
1825 850 0.1 0 0.2 0 0.000191047062689 2.90172678914e-07
1825 850 0.1 0 0.3 0 0.000181467630808 2.42516235877e-07
1825 850 0.1 0 0.5 0 0.000162055908385 2.26487661991e-07
1825 850 0.1 0 0.75 0 0.000135688436084 2.18535963118e-07
1825 850 0.1 0 1 0 0.00011358128337 2.17543739085e-07
1825 850 0.1 0.1 0.005 0.005 1.32068796404e-05 1.26680280697e-07
1825 850 0.1 0.1 0.025 0.025 0.000142257681567 1.62927444506e-06
1825 850 0.1 0.1 0.05 0.05 0.000199714503421 9.90384948879e-07
1825 850 0.1 0.1 0.15 0.15 0.00021167127238 3.36299294553e-07
1825 850 0.1 0.1 0.1 0.1 0.000217241507767 4.83964150861e-07
1825 850 0.1 0.1 0.25 0.25 0.000196654036414 2.73978749217e-07
1825 850 0.1 0.1 0.375 0.375 0.000177378045948 2.72814627759e-07
1825 850 0.1 0.1 0.5 0.5 0.000155417270308 2.81225623944e-07
1825 850 0.1 0.1 1.0 1.0 8.38522697614e-05 2.99997458825e-07
1825 850 0.25 0 0.01 0 4.28205930042e-05 1.19841150249e-07
1825 850 0.25 0 0.05 0 0.000602937833985 6.38835229428e-06
1825 850 0.25 0 0.1 0 0.000993848395863 6.91576470721e-06
1825 850 0.25 0 0.25 0 0.00112074586775 1.77158305752e-06
1825 850 0.25 0 0.2 0 0.00112624184797 2.5262970232e-06
1825 850 0.25 0 0.3 0 0.00110370480177 1.49007952468e-06
1825 850 0.25 0 0.5 0 0.00100215474025 1.94652921517e-06
1825 850 0.25 0 0.75 0 0.000843655708508 3.02372868318e-06
1825 850 0.25 0 1 0 0.000707696718492 4.03666428483e-06
1825 850 0.25 0.25 0.005 0.005 2.1367019625e-05 4.66561437035e-08
1825 850 0.25 0.25 0.025 0.025 0.000395251479117 4.2248519681e-06
1825 850 0.25 0.25 0.05 0.05 0.000872344953444 1.03146700025e-05
1825 850 0.25 0.25 0.15 0.15 0.00124934038027 3.33114193084e-06
1825 850 0.25 0.25 0.1 0.1 0.00120493127694 6.5432747173e-06
1825 850 0.25 0.25 0.25 0.25 0.00120272136631 2.11825913358e-06
1825 850 0.25 0.25 0.375 0.375 0.00109705177102 3.1290106448e-06
1825 850 0.25 0.25 0.5 0.5 0.000965144167987 4.52595144563e-06
1825 850 0.25 0.25 1.0 1.0 0.000522972514968 8.03228884806e-06
1825 850 0.2 0 0.01 0 4.05663903536e-05 1.55852234134e-07
1825 850 0.2 0 0.05 0 0.000470240917799 4.96218738699e-06
1825 850 0.2 0 0.1 0 0.000690668714056 3.90031017869e-06
1825 850 0.2 0 0.25 0 0.000729087787192 1.09792620413e-06
1825 850 0.2 0 0.2 0 0.000738799761185 1.45340469729e-06
1825 850 0.2 0 0.3 0 0.000714605191889 9.61667632084e-07
1825 850 0.2 0 0.5 0 0.000644296937358 1.10010082118e-06
1825 850 0.2 0 0.75 0 0.000541142572104 1.48152896924e-06
1825 850 0.2 0 1 0 0.000453524720679 1.85047689472e-06
1825 850 0.35 0.35 0.005 0.005 2.2808919535e-05 4.07971148507e-08
1825 850 0.35 0.35 0.025 0.025 0.000478479674342 3.76550769118e-06
1825 850 0.35 0.35 0.05 0.05 0.00126523891984 1.5493889675e-05
1825 850 0.35 0.35 0.15 0.15 0.00230156505558 8.14859136622e-06
1825 850 0.35 0.35 0.1 0.1 0.00209012568613 1.53254452015e-05
1825 850 0.35 0.35 0.25 0.25 0.00230075747469 5.02064113483e-06
1825 850 0.35 0.35 0.375 0.375 0.00212482263185 9.28286775099e-06
1825 850 0.35 0.35 0.5 0.5 0.00187792309598 1.50027238987e-05
1825 850 0.35 0.35 1.0 1.0 0.00102256046153 2.94722698415e-05
1825 850 0.3 0 0.01 0 4.44064564945e-05 1.02309282462e-07
1825 850 0.3 0 0.05 0 0.000710538480037 7.10029679932e-06
1825 850 0.3 0 0.1 0 0.00130442977942 1.03497054186e-05
1825 850 0.3 0 0.25 0 0.00158248706495 2.61932139211e-06
1825 850 0.3 0 0.2 0 0.0015747705866 3.96874245935e-06
1825 850 0.3 0 0.3 0 0.00156723316729 2.1202287531e-06
1825 850 0.3 0 0.5 0 0.00143514981257 3.20372146207e-06
1825 850 0.3 0 0.75 0 0.00121156975835 5.59681913755e-06
1825 850 0.3 0 1 0 0.00101744064488 7.82267305224e-06
1825 850 0.45 0.45 0.005 0.005 2.33105759929e-05 3.78974756892e-08
1825 850 0.45 0.45 0.025 0.025 0.000519395955557 3.02118276463e-06
1825 850 0.45 0.45 0.05 0.05 0.00154531124004 1.65607996323e-05
1825 850 0.45 0.45 0.15 0.15 0.00352074738676 1.50985906524e-05
1825 850 0.45 0.45 0.1 0.1 0.00299131295663 2.49186617268e-05
1825 850 0.45 0.45 0.25 0.25 0.00368493192848 1.01276188904e-05
1825 850 0.45 0.45 0.375 0.375 0.0034577929223 2.21802512868e-05
1825 850 0.45 0.45 0.5 0.5 0.00307441968741 3.81285181669e-05
1825 850 0.45 0.45 1.0 1.0 0.00168494367835 7.88065783921e-05
1825 850 0.55 0.55 0.005 0.005 2.33594673317e-05 3.56936959186e-08
1825 850 0.55 0.55 0.025 0.025 0.000538783461294 2.35779399281e-06
1825 850 0.55 0.55 0.05 0.05 0.00173167035146 1.50550075831e-05
1825 850 0.55 0.55 0.15 0.15 0.00480755564537 2.30174657946e-05
1825 850 0.55 0.55 0.1 0.1 0.00381920771519 3.21587427495e-05
1825 850 0.55 0.55 0.25 0.25 0.00529757399912 1.8387793078e-05
1825 850 0.55 0.55 0.375 0.375 0.00506630789033 4.56404218315e-05
1825 850 0.55 0.55 0.5 0.5 0.00453781435214 8.14033048489e-05
1825 850 0.55 0.55 1.0 1.0 0.00250696322473 0.000173493243004
1825 850 0.5 0 0.01 0 4.60091542887e-05 7.73933603683e-08
1825 850 0.5 0 0.05 0 0.000940467326792 5.94628614665e-06
1825 850 0.5 0 0.1 0 0.00237894438553 1.97052054466e-05
1825 850 0.5 0 0.25 0 0.00394635392508 7.19399132633e-06
1825 850 0.5 0 0.2 0 0.0037383793992 1.2110311627e-05
1825 850 0.5 0 0.3 0 0.00402601018011 5.39467956457e-06
1825 850 0.5 0 0.5 0 0.00386212938551 1.53718966744e-05
1825 850 0.5 0 0.75 0 0.0033130591496 3.53359581961e-05
1825 850 0.5 0 1 0 0.00279991825034 5.38615739369e-05
1825 850 0.5 0.5 0.005 0.005 2.33683018384e-05 3.67282550459e-08
1825 850 0.5 0.5 0.025 0.025 0.000530939171304 2.67015727184e-06
1825 850 0.5 0.5 0.05 0.05 0.00164842117507 1.60044802234e-05
1825 850 0.5 0.5 0.15 0.15 0.00416123384021 1.90281125721e-05
1825 850 0.5 0.5 0.1 0.1 0.00341796638504 2.89666689067e-05
1825 850 0.5 0.5 0.25 0.25 0.00446648534163 1.37975969298e-05
1825 850 0.5 0.5 0.375 0.375 0.00422966290238 3.23219573954e-05
1825 850 0.5 0.5 0.5 0.5 0.00377393983507 5.67188621945e-05
1825 850 0.5 0.5 1.0 1.0 0.00207622444316 0.00011923202657
1825 850 0.65 0.65 0.005 0.005 2.32220238956e-05 3.39800377059e-08
1825 850 0.65 0.65 0.025 0.025 0.000547078733398 1.8593696918e-06
1825 850 0.65 0.65 0.05 0.05 0.00185159530357 1.26882245521e-05
1825 850 0.65 0.65 0.15 0.15 0.00608223122648 3.05201328486e-05
1825 850 0.65 0.65 0.1 0.1 0.00453261630162 3.56944233673e-05
1825 850 0.65 0.65 0.25 0.25 0.0070776864559 3.09225762936e-05
1825 850 0.65 0.65 0.375 0.375 0.00691602601986 8.41901217673e-05
1825 850 0.65 0.65 0.5 0.5 0.00624802483021 0.000153782377245
1825 850 0.65 0.65 1.0 1.0 0.00348471079829 0.000334953622931
1825 850 0.7 0 0.01 0 4.52762827405e-05 6.74907186652e-08
1825 850 0.7 0 0.05 0 0.00101405970397 3.82301956938e-06
1825 850 0.7 0 0.1 0 0.00305058678235 1.80917350787e-05
1825 850 0.7 0 0.25 0 0.00669476279795 1.11603215042e-05
1825 850 0.7 0 0.2 0 0.00599708325867 1.79569767045e-05
1825 850 0.7 0 0.3 0 0.00708337674188 9.5126045219e-06
1825 850 0.7 0 0.5 0 0.00722818103926 4.90254967941e-05
1825 850 0.7 0 0.75 0 0.00634453929054 0.000125637595968
1825 850 0.7 0 1 0 0.00541198425796 0.000197874482148
1825 850 0.8 0.8 0.005 0.005 2.28599458703e-05 3.20996063779e-08
1825 850 0.8 0.8 0.025 0.025 0.00054888973944 1.37338388707e-06
1825 850 0.8 0.8 0.05 0.05 0.00195247284731 9.33677075597e-06
1825 850 0.8 0.8 0.15 0.15 0.00785601303966 3.92467981505e-05
1825 850 0.8 0.8 0.1 0.1 0.00537450935427 3.5087324153e-05
1825 850 0.8 0.8 0.25 0.25 0.00993204437369 6.06406680366e-05
1825 850 0.8 0.8 0.375 0.375 0.0100602033601 0.000181527998089
1825 850 0.8 0.8 0.5 0.5 0.00922564118524 0.000339393254912
1825 850 0.8 0.8 1.0 1.0 0.00523307919637 0.000758259103132
1825 850 0.9 0 0.01 0 4.4330877515e-05 6.21566449548e-08
1825 850 0.9 0 0.05 0 0.00103451472939 2.50567665013e-06
1825 850 0.9 0 0.1 0 0.0034190736455 1.26343852816e-05
1825 850 0.9 0 0.25 0 0.00936073799386 1.29759727756e-05
1825 850 0.9 0 0.2 0 0.00794911979862 1.73120202155e-05
1825 850 0.9 0 0.3 0 0.0102854133044 1.61909763825e-05
1825 850 0.9 0 0.5 0 0.0112619499206 0.000121828751732
1825 850 0.9 0 0.75 0 0.0101740775754 0.00032660866299
1825 850 0.9 0 1 0 0.00878358048863 0.000524073711962
1825 850 1.0 0 0.01 0 4.38323930317e-05 6.03506300396e-08
1825 850 1.0 0 0.05 0 0.00103558501252 2.09610751833e-06
1825 850 1.0 0 0.1 0 0.00352995435648 1.0131459264e-05
1825 850 1.0 0 0.2 0 0.00876515108606 1.55896801795e-05
1825 850 1.0 0 0.3 0 0.0118326983575 2.21404820934e-05
1825 850 1.0 0 0.5 0 0.0134395712027 0.000179497776044
1825 850 1.0 0 0.75 0 0.0123398021607 0.000486971971898
1825 850 1.0 0 1 0 0.0107274759713 0.000787202417197
1825 850 1.0 1.0 0.005 0.005 2.22828342225e-05 3.04059395615e-08
1825 850 1.0 1.0 0.025 0.025 0.00054253646332 1.02758772746e-06
1825 850 1.0 1.0 0.05 0.05 0.00200581287698 6.28048915967e-06
1825 850 1.0 1.0 0.15 0.15 0.0098334995458 4.73429969505e-05
1825 850 1.0 1.0 0.1 0.1 0.00613457753841 2.94052122979e-05
1825 850 1.0 1.0 0.25 0.25 0.013809349324 0.000128828216525
1825 850 1.0 1.0 0.375 0.375 0.0147355891784 0.000414199784577
1825 850 1.0 1.0 0.5 0.5 0.0138308358294 0.000790348960157
1825 850 1.0 1.0 1.0 1.0 0.00806078755121 0.00181858025549
1825 850 1.1 0 0.01 0 4.33242579564e-05 5.88974351876e-08
1825 850 1.1 0 0.05 0 0.00103312318098 1.80371786949e-06
1825 850 1.1 0 0.1 0 0.00360755218862 8.10120998196e-06
1825 850 1.1 0 0.25 0 0.0116870868785 1.63471809149e-05
1825 850 1.1 0 0.2 0 0.00947372960696 1.4050163657e-05
1825 850 1.1 0 0.3 0 0.0133053295701 3.11325181743e-05
1825 850 1.1 0 0.5 0 0.0156781595172 0.000255093654989
1825 850 1.1 0 0.75 0 0.014645086076 0.000697794271018
1825 850 1.1 0 1 0 0.0128274099148 0.0011357451442
1825 850 1.3 0 0.01 0 4.23073712466e-05 5.6683758711e-08
1825 850 1.3 0 0.05 0 0.00102189517985 1.46591178738e-06
1825 850 1.3 0 0.1 0 0.00369419224184 5.60526550668e-06
1825 850 1.3 0 0.25 0 0.0135854988918 2.80415868415e-05
1825 850 1.3 0 0.2 0 0.0105972763162 1.45591458641e-05
1825 850 1.3 0 0.3 0 0.0159595634561 6.24161612917e-05
1825 850 1.3 0 0.5 0 0.0202131751663 0.000471108549707
1825 850 1.3 0 0.75 0 0.0195888828946 0.00130307891255
1825 850 1.3 0 1 0 0.0174434000251 0.00214857652888
1825 850 1.6 0 0.01 0 4.08501613817e-05 5.42801729273e-08
1825 850 1.6 0 0.05 0 0.000997869719657 1.33030150649e-06
1825 850 1.6 0 0.1 0 0.00372350705783 5.17272644811e-06
1825 850 1.6 0 0.25 0 0.0156560981161 7.25979995797e-05
1825 850 1.6 0 0.2 0 0.0116871939137 3.06129111051e-05
1825 850 1.6 0 0.3 0 0.0191146765862 0.000154567723162
1825 850 1.6 0 0.5 0 0.0267747815672 0.000993455919969
1825 850 1.6 0 0.75 0 0.0275240892417 0.00278649073038
1825 850 1.6 0 1 0 0.0252027094664 0.00468410988962
1825 850 2.0 0 0.01 0 3.89885197121e-05 5.15831444856e-08
1825 850 2.0 0 0.05 0 0.00095994329714 1.47051996126e-06
1825 850 2.0 0 0.1 0 0.00366521522707 8.36511129132e-06
1825 850 2.0 0 0.25 0 0.0172312458595 0.000187506423902
1825 850 2.0 0 0.2 0 0.0123635332546 8.13444717554e-05
1825 850 2.0 0 0.3 0 0.0218464121258 0.000372169667387
1825 850 2.0 0 0.5 0 0.0343557829725 0.00212743632494
1825 850 2.0 0 0.75 0 0.0382838816802 0.00611545546793
1825 850 2.0 0 1 0 0.0365258381124 0.0105626190762
