med dm gdmv gdma gv ga xsec unc
200 90 1 0 0.25 0 16.83785 0.025300053
200 90 0 0.01 0 0.01 0.000632587473271 8.0278767481e-07
200 90 0 0.01 0 0.05 0.000610852830792 7.81765624052e-07
200 90 0 0.01 0 0.1 0.000585571791409 8.10506550009e-07
200 90 0 0.01 0 0.2 0.000600641066588 8.95980905343e-07
200 90 0 0.01 0 0.25 0.000618867380449 9.25720047586e-07
200 90 0 0.01 0 0.3 0.000644019080159 9.50726840976e-07
200 90 0 0.01 0 0.5 0.00077147447763 1.05768226345e-06
200 90 0 0.01 0 0.75 0.000915672815932 1.25267210554e-06
200 90 0 0.01 0 1 0.00104655739027 1.48988167148e-06
200 90 0 0.05 0 0.01 0.0123508864957 7.13438575973e-05
200 90 0 0.05 0 0.05 0.0150836582453 2.56529662849e-05
200 90 0 0.05 0 0.1 0.0145945757077 2.16907907089e-05
200 90 0 0.05 0 0.2 0.0150051708292 2.27986018933e-05
200 90 0 0.05 0 0.25 0.0154648298341 2.35855569142e-05
200 90 0 0.05 0 0.3 0.0160957430438 2.4432330936e-05
200 90 0 0.05 0 0.5 0.0192850003879 2.92181071542e-05
200 90 0 0.05 0 0.75 0.0228908572955 3.60278784562e-05
200 90 0 0.05 0 1 0.0261633399979 4.45227586254e-05
200 90 0 0.1 0 0.01 0.0272878951822 0.00023524214003
200 90 0 0.1 0 0.05 0.0580985598569 0.000168140648512
200 90 0 0.1 0 0.1 0.057826445233 0.000103919701297
200 90 0 0.1 0 0.2 0.0598853637816 9.61459033275e-05
200 90 0 0.1 0 0.25 0.0617737776219 9.98600176909e-05
200 90 0 0.1 0 0.3 0.0643239137054 0.000106023920925
200 90 0 0.1 0 0.5 0.0771167339356 0.000151556557731
200 90 0 0.1 0 0.75 0.0915513240666 0.000202979773374
200 90 0 0.1 0 1 0.104645883887 0.000269027310893
200 90 0 0.25 0 0.01 0.0422773998848 0.000197073766601
200 90 0 0.25 0 0.05 0.287617248182 0.00223492761314
200 90 0 0.25 0 0.1 0.339014635896 0.00124230772897
200 90 0 0.25 0 0.2 0.36847458449 0.000808144777796
200 90 0 0.25 0 0.25 0.38238896794 0.000861882041598
200 90 0 0.25 0 0.3 0.399462077622 0.00102358915009
200 90 0 0.25 0 0.5 0.480964350321 0.00246029127489
200 90 0 0.25 0 0.75 0.571667744749 0.00383880192359
200 90 0 0.25 0 1 0.653710348605 0.00565720455083
200 90 0 0.2 0 0.01 0.0392354544007 0.000232193799471
200 90 0 0.2 0 0.05 0.202187575865 0.00126443174276
200 90 0 0.2 0 0.1 0.22288554031 0.000652108600219
200 90 0 0.2 0 0.2 0.237401913127 0.000461628120951
200 90 0 0.2 0 0.25 0.245736817143 0.000486883502556
200 90 0 0.2 0 0.3 0.256355611749 0.000556361433068
200 90 0 0.2 0 0.5 0.308095240386 0.00116017339132
200 90 0 0.2 0 0.75 0.366012056843 0.00175259699894
200 90 0 0.2 0 1 0.418464151484 0.00253047748331
200 90 0 0.3 0 0.01 0.0442355639002 0.000168231714142
200 90 0 0.3 0 0.05 0.373038798643 0.00332771230294
200 90 0 0.3 0 0.1 0.472858756782 0.00210853276399
200 90 0 0.3 0 0.2 0.526331107306 0.00131112490224
200 90 0 0.3 0 0.25 0.547896428958 0.00141690954883
200 90 0 0.3 0 0.3 0.573314080506 0.00174429889667
200 90 0 0.3 0 0.5 0.691825681595 0.0046797153378
200 90 0 0.3 0 0.75 0.822803559563 0.00746119257396
200 90 0 0.3 0 1 0.941097001082 0.011142563316
200 90 0 0.5 0 0.01 0.0463657232586 0.000108070175979
200 90 0 0.5 0 0.05 0.653769300955 0.00649921120286
200 90 0 0.5 0 0.1 1.11139515303 0.00824289872247
200 90 0 0.5 0 0.2 1.39683702183 0.00573497680551
200 90 0 0.5 0 0.25 1.47922071761 0.00665544419582
200 90 0 0.5 0 0.3 1.56243751411 0.0091452755043
200 90 0 0.5 0 0.5 1.90951268191 0.031207904167
200 90 0 0.5 0 0.75 2.27916261276 0.0517709178925
200 90 0 0.5 0 1 2.61019194395 0.0792734504083
200 90 0 0.7 0 0.01 0.0458808423782 8.60995745549e-05
200 90 0 0.7 0 0.05 0.824921301286 0.00687734273705
200 90 0 0.7 0 0.1 1.77248354942 0.0160548081461
200 90 0 0.7 0 0.2 2.56744442077 0.0160044986811
200 90 0 0.7 0 0.25 2.78308291399 0.0203946489576
200 90 0 0.7 0 0.3 2.97853393565 0.0301715942177
200 90 0 0.7 0 0.5 3.70734952191 0.113672078302
200 90 0 0.7 0 0.75 4.44848490796 0.191505373212
200 90 0 0.7 0 1 5.10436923788 0.296812127621
200 90 0 0.9 0 0.01 0.0457539905246 7.79795448707e-05
200 90 0 0.9 0 0.05 0.928541230871 0.00612710994694
200 90 0 0.9 0 0.1 2.35136219482 0.0221004270608
200 90 0 0.9 0 0.2 3.9224318081 0.0342019338235
200 90 0 0.9 0 0.25 4.36979076159 0.048396924182
200 90 0 0.9 0 0.3 4.7519307355 0.0758112646377
200 90 0 0.9 0 0.5 6.05261225402 0.300499884584
200 90 0 0.9 0 0.75 7.31292501167 0.511276369244
200 90 0 0.9 0 1 8.41241982948 0.80046949008
200 90 0 1.0 0 0.01 0.0458254877393 7.60348008653e-05
200 90 0 1.0 0 0.05 0.96545485329 0.00568521170187
200 90 0 1.0 0 0.1 2.60034601303 0.0241272687922
200 90 0 1.0 0 0.2 4.63606149864 0.0467456512091
200 90 0 1.0 0 0.25 5.24031173077 0.069744375523
200 90 0 1.0 0 0.3 5.74854921663 0.111989711675
200 90 0 1.0 0 0.5 7.41799461977 0.451461275132
200 90 0 1.0 0 0.75 8.99878014228 0.771494156785
200 90 0 1.0 0 1 10.3671823463 1.21408042155
200 90 0 1.1 0 0.01 0.0459440486659 7.48456561596e-05
200 90 0 1.1 0 0.05 0.99576196394 0.00527486597113
200 90 0 1.1 0 0.1 2.8231199343 0.0255998451392
200 90 0 1.1 0 0.2 5.35922448579 0.0618279095433
200 90 0 1.1 0 0.25 6.14774991686 0.0971316030345
200 90 0 1.1 0 0.3 6.80542566207 0.159534213918
200 90 0 1.1 0 0.5 8.90432751082 0.651762219513
200 90 0 1.1 0 0.75 10.8493569758 1.11862848
200 90 0 1.1 0 1 12.5196344791 1.76977489301
200 90 0 1.3 0 0.01 0.046255796711 7.38329391212e-05
200 90 0 1.3 0 0.05 1.04271057948 0.00461975958675
200 90 0 1.3 0 0.1 3.19957302081 0.0275282821594
200 90 0 1.3 0 0.2 6.80128809306 0.100562618342
200 90 0 1.3 0 0.25 8.03496628972 0.173718288897
200 90 0 1.3 0 0.3 9.0624802281 0.296715624152
200 90 0 1.3 0 0.5 12.2152070517 1.23558631935
200 90 0 1.3 0 0.75 15.0299086525 2.13999741763
200 90 0 1.3 0 1 17.4080107837 3.42487681258
200 90 0 1.6 0 0.01 0.0468473969327 7.40905091937e-05
200 90 0 1.6 0 0.05 1.09365534569 0.00409162425996
200 90 0 1.6 0 0.1 3.63368330481 0.0302371103877
200 90 0 1.6 0 0.2 8.8739408181 0.18533647106
200 90 0 1.6 0 0.25 10.930741176 0.358315864565
200 90 0 1.6 0 0.3 12.6798631565 0.639523456754
200 90 0 1.6 0 0.5 17.9290405702 2.70496408794
200 90 0 1.6 0 0.75 22.4375142432 4.75917278638
200 90 0 1.6 0 1 26.1584138449 7.76793124543
200 90 0 2.0 0 0.01 0.0479553697089 7.6001095846e-05
200 90 0 2.0 0 0.05 1.14849166547 0.00416634716631
200 90 0 2.0 0 0.1 4.0683095081 0.0382336762319
200 90 0 2.0 0 0.2 11.3732187677 0.368857374872
200 90 0 2.0 0 0.25 14.6978100628 0.781330315468
200 90 0 2.0 0 0.3 17.6539541345 1.44313916431
200 90 0 2.0 0 0.5 26.6598105905 6.13393989552
200 90 0 2.0 0 0.75 34.2432790687 11.0839168706
200 90 0 2.0 0 1 40.3405837849 18.6560160951
200 90 0.005 0.005 0.005 0.005 0.00103845506638 1.43058322646e-06
200 90 0.005 0.005 0.025 0.025 0.0012377957679 1.61544414342e-06
200 90 0.005 0.005 0.05 0.05 0.00116305656672 1.58938188041e-06
200 90 0.005 0.005 0.15 0.15 0.00113310571914 1.74103016395e-06
200 90 0.005 0.005 0.1 0.1 0.00114414776791 1.69667358261e-06
200 90 0.005 0.005 0.25 0.25 0.00118259224363 1.76682715414e-06
200 90 0.005 0.005 0.375 0.375 0.00126081885211 1.78368252821e-06
200 90 0.005 0.005 0.5 0.5 0.00127959676496 1.77458622813e-06
200 90 0.005 0.005 1.0 1.0 0.00121890513742 1.77785102595e-06
200 90 0.01 0 0.01 0 0.0047449808208 1.26461047283e-05
200 90 0.01 0 0.05 0 0.00450426241643 6.24430764471e-06
200 90 0.01 0 0.1 0 0.00429812992602 6.03372948262e-06
200 90 0.01 0 0.25 0 0.00417802773662 6.39189292696e-06
200 90 0.01 0 0.2 0 0.00421347033815 6.34852772905e-06
200 90 0.01 0 0.3 0 0.00415877856341 6.38726869841e-06
200 90 0.01 0 0.5 0 0.00413296311956 6.22142180923e-06
200 90 0.01 0 0.75 0 0.00402615281079 5.94960305564e-06
200 90 0.01 0 1 0 0.00383970556391 5.7041241764e-06
200 90 0.025 0.025 0.005 0.005 0.0155486215257 9.8475397652e-05
200 90 0.025 0.025 0.025 0.025 0.0293567886582 8.57787377245e-05
200 90 0.025 0.025 0.05 0.05 0.0286986188813 5.17292586206e-05
200 90 0.025 0.025 0.15 0.15 0.0282873501763 4.88601749149e-05
200 90 0.025 0.025 0.1 0.1 0.0285118754273 4.6571090481e-05
200 90 0.025 0.025 0.25 0.25 0.0295509851744 4.98021399609e-05
200 90 0.025 0.025 0.375 0.375 0.0315137164085 4.92173893692e-05
200 90 0.025 0.025 0.5 0.5 0.0319858203595 4.8935918492e-05
200 90 0.025 0.025 1.0 1.0 0.0304716356544 5.48909201079e-05
200 90 0.05 0 0.01 0 0.0355951539693 0.000287420689778
200 90 0.05 0 0.05 0 0.103049782235 0.000410125077594
200 90 0.05 0 0.1 0 0.105050526347 0.00022118650036
200 90 0.05 0 0.25 0 0.10407014542 0.000164802447901
200 90 0.05 0 0.2 0 0.104735963433 0.000170909423706
200 90 0.05 0 0.3 0 0.103707932306 0.00016122850617
200 90 0.05 0 0.5 0 0.103230026181 0.000156772754475
200 90 0.05 0 0.75 0 0.100611275216 0.000159418546216
200 90 0.05 0 1 0 0.0959688078777 0.000167285108815
200 90 0.05 0.05 0.005 0.005 0.0215450428432 0.000109759866004
200 90 0.05 0.05 0.025 0.025 0.101150730033 0.000642065416139
200 90 0.05 0.05 0.05 0.05 0.110315699088 0.000334471693078
200 90 0.05 0.05 0.15 0.15 0.112648735408 0.000261548940117
200 90 0.05 0.05 0.1 0.1 0.112914580574 0.000236690301752
200 90 0.05 0.05 0.25 0.25 0.118031550336 0.000269242556851
200 90 0.05 0.05 0.375 0.375 0.125970497759 0.000254577579919
200 90 0.05 0.05 0.5 0.5 0.127891970586 0.000252822657683
200 90 0.05 0.05 1.0 1.0 0.121874183745 0.000350107515799
200 90 0.125 0.125 0.005 0.005 0.0222408403879 5.0194381912e-05
200 90 0.125 0.125 0.025 0.025 0.318786414227 0.00316240095646
200 90 0.125 0.125 0.05 0.05 0.54174551516 0.00431660245623
200 90 0.125 0.125 0.15 0.15 0.682924065344 0.0043812673928
200 90 0.125 0.125 0.1 0.1 0.659786956578 0.00333887549377
200 90 0.125 0.125 0.25 0.25 0.730247333889 0.00465355085957
200 90 0.125 0.125 0.375 0.375 0.783643884538 0.0040873180353
200 90 0.125 0.125 0.5 0.5 0.797088148237 0.00406109536865
200 90 0.125 0.125 1.0 1.0 0.761172950604 0.00789567553865
200 90 0.15 0.15 0.005 0.005 0.0220550668116 4.39008877342e-05
200 90 0.15 0.15 0.025 0.025 0.363459310126 0.00335091335288
200 90 0.15 0.15 0.05 0.05 0.701597853282 0.0064059571488
200 90 0.15 0.15 0.15 0.15 0.968210755498 0.00824214515445
200 90 0.15 0.15 0.1 0.1 0.918728002558 0.00593044702532
200 90 0.15 0.15 0.25 0.25 1.04602853613 0.00885105586982
200 90 0.15 0.15 0.375 0.375 1.12569679687 0.00774027572233
200 90 0.15 0.15 0.5 0.5 1.14612648941 0.00770309447646
200 90 0.15 0.15 1.0 1.0 1.09568162208 0.0156710552249
200 90 0.1 0 0.01 0 0.043986768235 0.000184851904421
200 90 0.1 0 0.05 0 0.324943205351 0.00264585807756
200 90 0.1 0 0.1 0 0.392768400653 0.00154032351
200 90 0.1 0 0.25 0 0.411594013008 0.000717548943356
200 90 0.1 0 0.2 0 0.411605018208 0.000823132819562
200 90 0.1 0 0.3 0 0.411596500581 0.000662895144715
200 90 0.1 0 0.5 0 0.411748646032 0.000642706973672
200 90 0.1 0 0.75 0 0.401913582579 0.000771081496777
200 90 0.1 0 1 0 0.383577686009 0.000977465426687
200 90 0.1 0.1 0.005 0.005 0.022434127306 6.10821787938e-05
200 90 0.1 0.1 0.025 0.025 0.259463186318 0.00260692718108
200 90 0.1 0.1 0.05 0.05 0.381736712373 0.00245999276951
200 90 0.1 0.1 0.15 0.15 0.442763500957 0.00207015706772
200 90 0.1 0.1 0.1 0.1 0.43438622846 0.00166986950911
200 90 0.1 0.1 0.25 0.25 0.469389017752 0.00217604114545
200 90 0.1 0.1 0.375 0.375 0.502536554832 0.00193509881615
200 90 0.1 0.1 0.5 0.5 0.510749055782 0.00192083360298
200 90 0.1 0.1 1.0 1.0 0.487298952801 0.0034882650689
200 90 0.25 0 0.01 0 0.0457782854244 8.61973483255e-05
200 90 0.25 0 0.05 0 0.807381807304 0.00671791894423
200 90 0.25 0 0.1 0 1.68522195196 0.0144820949676
200 90 0.25 0 0.25 0 2.38456569966 0.00613463757243
200 90 0.25 0 0.2 0 2.29122204279 0.00869954638721
200 90 0.25 0 0.3 0 2.43935101012 0.00463023891729
200 90 0.25 0 0.5 0 2.52329370937 0.00473892798767
200 90 0.25 0 0.75 0 2.48893526916 0.0106363658561
200 90 0.25 0 1 0 2.38441920455 0.0195455029269
200 90 0.25 0.25 0.005 0.005 0.0215476897463 3.53128063519e-05
200 90 0.25 0.25 0.025 0.025 0.455582498543 0.00279001403389
200 90 0.25 0.25 0.05 0.05 1.23163120803 0.0130050335817
200 90 0.25 0.25 0.15 0.15 2.46832873431 0.0495754326854
200 90 0.25 0.25 0.1 0.1 2.13976432444 0.0283664117923
200 90 0.25 0.25 0.25 0.25 2.81960382712 0.0561682920205
200 90 0.25 0.25 0.375 0.375 3.08319650682 0.0504371684604
200 90 0.25 0.25 0.5 0.5 3.1567840398 0.0507765700481
200 90 0.25 0.25 1.0 1.0 3.03699330469 0.112902729373
200 90 0.2 0 0.01 0 0.0462011084729 9.97053624928e-05
200 90 0.2 0 0.05 0 0.6970877608 0.00658695282804
200 90 0.2 0 0.1 0 1.24597046173 0.00953434355205
200 90 0.2 0 0.25 0 1.57543552368 0.00358127213076
200 90 0.2 0 0.2 0 1.53852650588 0.00487971638348
200 90 0.2 0 0.3 0 1.59658994854 0.00286630388807
200 90 0.2 0 0.5 0 1.6285086157 0.0028296555662
200 90 0.2 0 0.75 0 1.59920319823 0.00521441055337
200 90 0.2 0 1 0 1.52956762758 0.0088309605993
200 90 0.35 0.35 0.005 0.005 0.0214839291283 3.40937064642e-05
200 90 0.35 0.35 0.025 0.025 0.49178398011 0.00225919052281
200 90 0.35 0.35 0.05 0.05 1.55600726307 0.0160060655443
200 90 0.35 0.35 0.15 0.15 4.31103662413 0.152718137766
200 90 0.35 0.35 0.1 0.1 3.37291426898 0.0726600688125
200 90 0.35 0.35 0.25 0.25 5.29246613811 0.185823634797
200 90 0.35 0.35 0.375 0.375 5.91877044713 0.17781548174
200 90 0.35 0.35 0.5 0.5 6.10977021386 0.182247386797
200 90 0.35 0.35 1.0 1.0 5.9333057264 0.424347276185
200 90 0.3 0 0.01 0 0.0455170676236 7.92890879277e-05
200 90 0.3 0 0.05 0 0.883951460358 0.00627582934791
200 90 0.3 0 0.1 0 2.08391902145 0.0184704254722
200 90 0.3 0 0.25 0 3.30726731707 0.00941389836115
200 90 0.3 0 0.2 0 3.12038943604 0.0135410674098
200 90 0.3 0 0.3 0 3.41999417284 0.00680378177678
200 90 0.3 0 0.5 0 3.59681249531 0.00740597483399
200 90 0.3 0 0.75 0 3.56692781891 0.0196843009556
200 90 0.3 0 1 0 3.42387635975 0.0382274483607
200 90 0.45 0.45 0.005 0.005 0.0214455960523 3.42937274844e-05
200 90 0.45 0.45 0.025 0.025 0.507610913886 0.00214777152783
200 90 0.45 0.45 0.05 0.05 1.7401924091 0.019233512727
200 90 0.45 0.45 0.15 0.15 6.23430320188 0.324848084754
200 90 0.45 0.45 0.1 0.1 4.42106944236 0.137996943471
200 90 0.45 0.45 0.25 0.25 8.28385504335 0.432926081835
200 90 0.45 0.45 0.375 0.375 9.52259574262 0.450901732251
200 90 0.45 0.45 0.5 0.5 9.93359939559 0.47298478508
200 90 0.45 0.45 1.0 1.0 9.76612330258 1.14629153138
200 90 0.55 0.55 0.005 0.005 0.0213469369856 3.49557279942e-05
200 90 0.55 0.55 0.025 0.025 0.514245820017 0.00235823843434
200 90 0.55 0.55 0.05 0.05 1.8468860974 0.0243386861778
200 90 0.55 0.55 0.15 0.15 8.07454642682 0.543104765547
200 90 0.55 0.55 0.1 0.1 5.25568310969 0.216613504902
200 90 0.55 0.55 0.25 0.25 11.6082883771 0.810365280203
200 90 0.55 0.55 0.375 0.375 13.7644448137 0.93064927142
200 90 0.55 0.55 0.5 0.5 14.5393854707 1.00364737858
200 90 0.55 0.55 1.0 1.0 14.5112547671 2.5364810009
200 90 0.5 0 0.01 0 0.0452103050528 7.11603958691e-05
200 90 0.5 0 0.05 0 1.02412755936 0.0039429737882
200 90 0.5 0 0.1 0 3.16314188518 0.0211501544099
200 90 0.5 0 0.25 0 7.56632050692 0.0244720571037
200 90 0.5 0 0.2 0 6.58636231191 0.03274912487
200 90 0.5 0 0.3 0 8.23669749252 0.016922715841
200 90 0.5 0 0.5 0 9.43528968787 0.0312201188789
200 90 0.5 0 0.75 0 9.6393464067 0.124496657358
200 90 0.5 0 1 0 9.35697353887 0.267150373996
200 90 0.5 0.5 0.005 0.005 0.0213992519815 3.4593725615e-05
200 90 0.5 0.5 0.025 0.025 0.511607958044 0.00222301584913
200 90 0.5 0.5 0.05 0.05 1.80021517394 0.0215774398793
200 90 0.5 0.5 0.15 0.15 7.17116740946 0.430604659908
200 90 0.5 0.5 0.1 0.1 4.86313275622 0.176515826442
200 90 0.5 0.5 0.25 0.25 9.91553986767 0.605500368326
200 90 0.5 0.5 0.375 0.375 11.5724185189 0.661437994454
200 90 0.5 0.5 0.5 0.5 12.14486402 0.703144440948
200 90 0.5 0.5 1.0 1.0 12.0263739202 1.73943005174
200 90 0.65 0.65 0.005 0.005 0.0212786729395 3.57032517985e-05
200 90 0.65 0.65 0.025 0.025 0.518102178332 0.00270277920449
200 90 0.65 0.65 0.05 0.05 1.91681763534 0.0301295810659
200 90 0.65 0.65 0.15 0.15 9.75713176296 0.766534935046
200 90 0.65 0.65 0.1 0.1 5.91885488187 0.292224656046
200 90 0.65 0.65 0.25 0.25 15.0978266658 1.30881851839
200 90 0.65 0.65 0.375 0.375 18.5039730666 1.66755119563
200 90 0.65 0.65 0.5 0.5 19.8254277609 1.85594307121
200 90 0.65 0.65 1.0 1.0 20.1392040062 4.910871253
200 90 0.7 0 0.01 0 0.0447450632839 6.96155413576e-05
200 90 0.7 0 0.05 0 1.06210234914 0.00263051701719
200 90 0.7 0 0.1 0 3.66854628219 0.0148312843496
200 90 0.7 0 0.25 0 11.7319096764 0.0293661383827
200 90 0.7 0 0.2 0 9.49210002081 0.0348131370162
200 90 0.7 0 0.3 0 13.4617206948 0.0227354938551
200 90 0.7 0 0.5 0 17.0639022368 0.0985898452197
200 90 0.7 0 0.75 0 18.1512002798 0.444214095561
200 90 0.7 0 1 0 17.9041925253 0.984743599988
200 90 0.8 0.8 0.005 0.005 0.0213959609533 3.64337556225e-05
200 90 0.8 0.8 0.025 0.025 0.525948368213 0.00305751781829
200 90 0.8 0.8 0.05 0.05 1.99976764941 0.0356927358435
200 90 0.8 0.8 0.15 0.15 11.9485886967 1.03777133293
200 90 0.8 0.8 0.1 0.1 6.69915436577 0.366713838155
200 90 0.8 0.8 0.25 0.25 20.3482850328 2.23404683986
200 90 0.8 0.8 0.375 0.375 26.2399258977 3.32080140572
200 90 0.8 0.8 0.5 0.5 28.7893649452 3.89804099448
200 90 0.8 0.8 1.0 1.0 30.160072658 11.1416115654
200 90 0.9 0 0.01 0 0.044403830648 6.87299937777e-05
200 90 0.9 0 0.05 0 1.07570863009 0.00199784323927
200 90 0.9 0 0.1 0 3.92325582638 0.00948138406813
200 90 0.9 0 0.25 0 15.1745697636 0.0252614536455
200 90 0.9 0 0.2 0 11.6056615037 0.0251915252081
200 90 0.9 0 0.3 0 18.2172024642 0.0284695739138
200 90 0.9 0 0.5 0 25.5596511371 0.257015863628
200 90 0.9 0 0.75 0 28.5032876976 1.15926363625
200 90 0.9 0 1 0 28.6851708429 2.60836945993
200 90 1.0 0 0.01 0 0.0443175596506 6.83512827893e-05
200 90 1.0 0 0.05 0 1.08008036894 0.00182893234292
200 90 1.0 0 0.1 0 4.00572136684 0.00781850369974
200 90 1.0 0 0.2 0 12.4122727733 0.0212703873104
200 90 1.0 0 0.3 0 20.3010009203 0.0374006055961
200 90 1.0 0 0.5 0 29.8811088174 0.390266701176
200 90 1.0 0 0.75 0 34.168153928 1.73158829728
200 90 1.0 0 1 0 34.7757838617 3.91604601121
200 90 1.0 1.0 0.005 0.005 0.021936993298 3.64746441962e-05
200 90 1.0 1.0 0.025 0.025 0.542771466469 0.00297403988309
200 90 1.0 1.0 0.05 0.05 2.10355160919 0.0350182120016
200 90 1.0 1.0 0.15 0.15 14.2962628818 1.25042962767
200 90 1.0 1.0 0.1 0.1 7.49251055841 0.387359758791
200 90 1.0 1.0 0.25 0.25 26.9063286103 3.67759220334
200 90 1.0 1.0 0.375 0.375 37.056579224 6.55250677519
200 90 1.0 1.0 0.5 0.5 42.085485909 8.33160457902
200 90 1.0 1.0 1.0 1.0 46.2558325134 26.755218905
200 90 1.1 0 0.01 0 0.0442686572945 6.80069823576e-05
200 90 1.1 0 0.05 0 1.08368039278 0.00172593754478
200 90 1.1 0 0.1 0 4.07005311982 0.00680101350738
200 90 1.1 0 0.25 0 17.8206764613 0.0298073090793
200 90 1.1 0 0.2 0 13.085419671 0.0199968312514
200 90 1.1 0 0.3 0 22.1735693449 0.0543364781489
200 90 1.1 0 0.5 0 34.1458500958 0.571376130481
200 90 1.1 0 0.75 0 40.0533037878 2.48531208168
200 90 1.1 0 1 0 41.2551899203 5.64594320487
200 90 1.3 0 0.01 0 0.0442197872461 6.74076906775e-05
200 90 1.3 0 0.05 0 1.0889402588 0.0016599754314
200 90 1.3 0 0.1 0 4.16098146371 0.00639253887784
200 90 1.3 0 0.25 0 19.7912054523 0.0584101994606
200 90 1.3 0 0.2 0 14.114768921 0.0282836194787
200 90 1.3 0 0.3 0 25.3119753566 0.121969811322
200 90 1.3 0 0.5 0 42.279098425 1.11196273704
200 90 1.3 0 0.75 0 52.1920008722 4.6534994031
200 90 1.3 0 1 0 55.1441929728 10.6620878554
200 90 1.6 0 0.01 0 0.044105974836 6.66707421165e-05
200 90 1.6 0 0.05 0 1.09160630861 0.00178411106554
200 90 1.6 0 0.1 0 4.23380310595 0.00878077988699
200 90 1.6 0 0.25 0 21.7997972147 0.160272276346
200 90 1.6 0 0.2 0 15.094862523 0.0701016538855
200 90 1.6 0 0.3 0 28.7200006547 0.328759812672
200 90 1.6 0 0.5 0 52.9839953738 2.47841218306
200 90 1.6 0 0.75 0 70.3889164976 9.97608270222
200 90 1.6 0 1 0 77.4540380784 23.1789483691
200 90 2.0 0 0.01 0 0.043717803054 6.59100158557e-05
200 90 2.0 0 0.05 0 1.08578128305 0.00219077622899
200 90 2.0 0 0.1 0 4.25584820713 0.0156090454038
200 90 2.0 0 0.25 0 23.2990233278 0.403921095453
200 90 2.0 0 0.2 0 15.7518255644 0.174143460131
200 90 2.0 0 0.3 0 31.4851994091 0.810959328489
200 90 2.0 0 0.5 0 64.0084945204 5.52806242555
200 90 2.0 0 0.75 0 92.7764209499 21.9448190126
200 90 2.0 0 1 0 107.890321233 52.1293160188
