med dm gdmv gdma gv ga xsec unc
500 1000 1 0 0.25 0 3.1485545e-05 4.6731643e-08
500 1000 0 0.01 0 0.01 4.20432912104e-12 6.87575877659e-15
500 1000 0 0.01 0 0.05 1.05108227915e-10 1.71896200412e-13
500 1000 0 0.01 0 0.1 4.20432904972e-10 6.87612680407e-13
500 1000 0 0.01 0 0.2 1.68173119193e-09 2.75089625425e-12
500 1000 0 0.01 0 0.25 2.6277039593e-09 4.29879664013e-12
500 1000 0 0.01 0 0.3 3.78389100928e-09 6.19118309776e-12
500 1000 0 0.01 0 0.5 1.0510711357e-08 1.72124458003e-11
500 1000 0 0.01 0 0.75 2.36480819396e-08 3.87916919145e-11
500 1000 0 0.01 0 1 4.20361601266e-08 6.91176532137e-11
500 1000 0 0.05 0 0.01 1.05108228026e-10 1.71896200595e-13
500 1000 0 0.05 0 0.05 2.62770569787e-09 4.29879949775e-12
500 1000 0 0.05 0 0.1 1.05108226243e-08 1.72126288092e-11
500 1000 0 0.05 0 0.2 4.20432797983e-08 6.91293950796e-11
500 1000 0 0.05 0 0.25 6.56925989824e-08 1.08341470275e-10
500 1000 0 0.05 0 0.3 9.4597275232e-08 1.56586831519e-10
500 1000 0 0.05 0 0.5 2.62767783925e-07 4.44255920372e-10
500 1000 0 0.05 0 0.75 5.91202048491e-07 1.04038568349e-09
500 1000 0 0.05 0 1 1.05090400316e-06 1.9510339366e-09
500 1000 0 0.1 0 0.01 4.20432912104e-10 6.87612692127e-13
500 1000 0 0.1 0 0.05 1.05108227915e-08 1.72126290842e-11
500 1000 0 0.1 0 0.1 4.20432904972e-08 6.91294127245e-11
500 1000 0 0.1 0 0.2 1.68173119193e-07 2.8097993936e-10
500 1000 0 0.1 0 0.25 2.6277039593e-07 4.44260309494e-10
500 1000 0 0.1 0 0.3 3.78389100928e-07 6.48938002015e-10
500 1000 0 0.1 0 0.5 1.0510711357e-06 1.95133337355e-09
500 1000 0 0.1 0 0.75 2.36480819396e-06 5.04396005425e-09
500 1000 0 0.1 0 1 4.20361601266e-06 1.05927933247e-08
500 1000 0 0.25 0 0.01 2.62770570065e-09 4.29879950232e-12
500 1000 0 0.25 0 0.05 6.56926424467e-08 1.08341542102e-10
500 1000 0 0.25 0 0.1 2.62770565608e-07 4.44260594615e-10
500 1000 0 0.25 0 0.2 1.05108199496e-06 1.95135282907e-09
500 1000 0 0.25 0 0.25 1.64231497456e-06 3.25325817661e-09
500 1000 0 0.25 0 0.3 2.3649318808e-06 5.0442045849e-09
500 1000 0 0.25 0 0.5 6.56919459813e-06 1.98218826126e-08
500 1000 0 0.25 0 0.75 1.47800512123e-05 7.01305081025e-08
500 1000 0 0.25 0 1 2.62726000791e-05 1.88208727327e-07
500 1000 0 0.2 0 0.01 1.68173164842e-09 2.75089700449e-12
500 1000 0 0.2 0 0.05 4.20432911659e-08 6.91294138273e-11
500 1000 0 0.2 0 0.1 1.68173161989e-07 2.80980010701e-10
500 1000 0 0.2 0 0.2 6.72692476773e-07 1.19531750211e-09
500 1000 0 0.2 0 0.25 1.05108158372e-06 1.95135209229e-09
500 1000 0 0.2 0 0.3 1.51355640371e-06 2.95720282307e-09
500 1000 0 0.2 0 0.5 4.2042845428e-06 1.05942885673e-08
500 1000 0 0.2 0 0.75 9.45923277585e-06 3.42945173419e-08
500 1000 0 0.2 0 1 1.68144640506e-05 8.69896945506e-08
500 1000 0 0.3 0 0.01 3.78389620894e-09 6.19119164506e-12
500 1000 0 0.3 0 0.05 9.45974051233e-08 1.56587046701e-10
500 1000 0 0.3 0 0.1 3.78389614475e-07 6.4893887334e-10
500 1000 0 0.3 0 0.2 1.51355807274e-06 2.95720592224e-09
500 1000 0 0.3 0 0.25 2.36493356337e-06 5.04420791134e-09
500 1000 0 0.3 0 0.3 3.40550190835e-06 8.00914690822e-09
500 1000 0 0.3 0 0.5 9.45964022131e-06 3.42957308002e-08
500 1000 0 0.3 0 0.75 2.12832737457e-05 1.30107703238e-07
500 1000 0 0.3 0 1 3.78325441139e-05 3.63046267434e-07
500 1000 0 0.5 0 0.01 1.05108228026e-08 1.72126291025e-11
500 1000 0 0.5 0 0.05 2.62770569787e-07 4.44260601638e-10
500 1000 0 0.5 0 0.1 1.05108226243e-06 1.95135330828e-09
500 1000 0 0.5 0 0.2 4.20432797983e-06 1.05943857173e-08
500 1000 0 0.5 0 0.25 6.56925989824e-06 1.98220504532e-08
500 1000 0 0.5 0 0.3 9.4597275232e-06 3.42959908011e-08
500 1000 0 0.5 0 0.5 2.62767783925e-05 1.88231087991e-07
500 1000 0 0.5 0 0.75 5.91202048491e-05 8.32032857602e-07
500 1000 0 0.5 0 1 0.000105090400316 2.49574589571e-06
500 1000 0 0.7 0 0.01 2.06012126931e-08 3.37804841674e-11
500 1000 0 0.7 0 0.05 5.15030316782e-07 8.98082733297e-10
500 1000 0 0.7 0 0.1 2.06012123436e-06 4.26196374495e-09
500 1000 0 0.7 0 0.2 8.24048284047e-06 2.77619749831e-08
500 1000 0 0.7 0 0.25 1.28757494006e-05 5.59336826112e-08
500 1000 0 0.7 0 0.3 1.85410659455e-05 1.02642321841e-07
500 1000 0 0.7 0 0.5 5.15024856493e-05 6.42250529621e-07
500 1000 0 0.7 0 0.75 0.000115875601504 3.01441475914e-06
500 1000 0 0.7 0 1 0.00020597718462 9.2642770383e-06
500 1000 0 0.9 0 0.01 3.40550658804e-08 5.59375954944e-11
500 1000 0 0.9 0 0.05 8.5137664611e-07 1.54482760078e-09
500 1000 0 0.9 0 0.1 3.40550653028e-06 8.00915672447e-09
500 1000 0 0.9 0 0.2 1.36220226547e-05 6.13141572077e-08
500 1000 0 0.9 0 0.25 2.12844020703e-05 1.301129464e-07
500 1000 0 0.9 0 0.3 3.06495171752e-05 2.47747418271e-07
500 1000 0 0.9 0 0.5 8.51367619918e-05 1.6640937427e-06
500 1000 0 0.9 0 0.75 0.000191549463711 8.03264641185e-06
500 1000 0 0.9 0 1 0.000340492897025 2.49520177354e-05
500 1000 0 1.0 0 0.01 4.20432912104e-08 6.91294139007e-11
500 1000 0 1.0 0 0.05 1.05108227915e-06 1.95135333823e-09
500 1000 0 1.0 0 0.1 4.20432904972e-06 1.05943881102e-08
500 1000 0 1.0 0 0.2 1.68173119193e-05 8.70011332852e-08
500 1000 0 1.0 0 0.25 2.6277039593e-05 1.8823248576e-07
500 1000 0 1.0 0 0.3 3.78389100928e-05 3.63090722588e-07
500 1000 0 1.0 0 0.5 0.00010510711357 2.49602127262e-06
500 1000 0 1.0 0 0.75 0.000236480819396 1.21523046335e-05
500 1000 0 1.0 0 1 0.000420361601266 3.78695593653e-05
500 1000 0 1.1 0 0.01 5.08723823646e-08 8.37410812897e-11
500 1000 0 1.1 0 0.05 1.27180955777e-06 2.42019408291e-09
500 1000 0 1.1 0 0.1 5.08723815017e-06 1.37641143017e-08
500 1000 0 1.1 0 0.2 2.03489474224e-05 1.20389843708e-07
500 1000 0 1.1 0 0.25 3.17952179075e-05 2.64671631171e-07
500 1000 0 1.1 0 0.3 4.57850812123e-05 5.15876984411e-07
500 1000 0 1.1 0 0.5 0.00012717960742 3.61074697658e-06
500 1000 0 1.1 0 0.75 0.00028614179147 1.76939184877e-05
500 1000 0 1.1 0 1 0.000508637537531 5.52701387072e-05
500 1000 0 1.3 0 0.01 7.10531621456e-08 1.17262339311e-10
500 1000 0 1.3 0 0.05 1.77632905176e-06 3.56880577818e-09
500 1000 0 1.3 0 0.1 7.10531609403e-06 2.22408140451e-08
500 1000 0 1.3 0 0.2 2.84212571437e-05 2.16412673631e-07
500 1000 0 1.3 0 0.25 4.44081969121e-05 4.87499473617e-07
500 1000 0 1.3 0 0.3 6.39477580568e-05 9.64863150664e-07
500 1000 0 1.3 0 0.5 0.000177631021933 6.92844304296e-06
500 1000 0 1.3 0 0.75 0.00039965258478 3.42572193267e-05
500 1000 0 1.3 0 1 0.000710411106139 0.000107357603354
500 1000 0 1.6 0 0.01 1.07630825499e-07 1.78456372945e-10
500 1000 0 1.6 0 0.05 2.69077063462e-06 5.92363539485e-09
500 1000 0 1.6 0 0.1 1.07630823673e-05 4.19723669875e-08
500 1000 0 1.6 0 0.2 4.30523185135e-05 4.60334595457e-07
500 1000 0 1.6 0 0.25 6.7269221358e-05 1.06198168671e-06
500 1000 0 1.6 0 0.3 9.68676098376e-05 2.13242056219e-06
500 1000 0 1.6 0 0.5 0.000269074210739 1.5671456941e-05
500 1000 0 1.6 0 0.75 0.000605390897655 7.80968573335e-05
500 1000 0 1.6 0 1 0.00107612569924 0.000245436510702
500 1000 0 2.0 0 0.01 1.68173164842e-07 2.80980015457e-10
500 1000 0 2.0 0 0.05 4.20432911659e-06 1.05943882597e-08
500 1000 0 2.0 0 0.1 1.68173161989e-05 8.70011504738e-08
500 1000 0 2.0 0 0.2 6.72692476773e-05 1.0619819798e-06
500 1000 0 2.0 0 0.25 0.000105108158372 2.4960384862e-06
500 1000 0 2.0 0 0.3 0.000151355640371 5.06687104049e-06
500 1000 0 2.0 0 0.5 0.00042042845428 3.78736358209e-05
500 1000 0 2.0 0 0.75 0.000945923277585 0.000189795989783
500 1000 0 2.0 0 1 0.00168144640506 0.000597663449981
500 1000 0.005 0.005 0.005 0.005 1.19565935791e-12 1.82017921908e-15
500 1000 0.005 0.005 0.025 0.025 2.98914839395e-11 4.5504628243e-14
500 1000 0.005 0.005 0.05 0.05 1.19565935253e-10 1.82020359436e-13
500 1000 0.005 0.005 0.15 0.15 1.0760930296e-09 1.63835997638e-12
500 1000 0.005 0.005 0.1 0.1 4.78263708706e-10 7.28110944096e-13
500 1000 0.005 0.005 0.25 0.25 2.98913998178e-09 4.55197391868e-12
500 1000 0.005 0.005 0.375 0.375 6.72548806021e-09 1.02461530163e-11
500 1000 0.005 0.005 0.5 0.5 1.19560551747e-08 1.82255946653e-11
500 1000 0.005 0.005 1.0 1.0 4.77919451392e-08 7.31482856205e-11
500 1000 0.01 0 0.01 0 4.95093386031e-12 7.47706850976e-15
500 1000 0.01 0 0.05 0 1.23773346358e-10 1.86926712519e-13
500 1000 0.01 0 0.1 0 4.95093376451e-10 7.47706836565e-13
500 1000 0.01 0 0.25 0 3.0943313234e-09 4.6731643e-12
500 1000 0.01 0 0.2 0 1.9803729309e-09 2.99082648153e-12
500 1000 0.01 0 0.3 0 4.4558334892e-09 6.7293511523e-12
500 1000 0.01 0 0.5 0 1.23771849378e-08 1.86924460866e-11
500 1000 0.01 0 0.75 0 2.78472977404e-08 4.20559454897e-11
500 1000 0.01 0 1 0 4.9499759066e-08 7.47562762521e-11
500 1000 0.025 0.025 0.005 0.005 2.98914839479e-11 4.55046282558e-14
500 1000 0.025 0.025 0.025 0.025 7.47287098486e-10 1.13770806791e-12
500 1000 0.025 0.025 0.05 0.05 2.98914838133e-09 4.55198677522e-12
500 1000 0.025 0.025 0.15 0.15 2.69023257401e-08 4.10787003031e-11
500 1000 0.025 0.025 0.1 0.1 1.19565927177e-08 1.82264182299e-11
500 1000 0.025 0.025 0.25 0.25 7.47284995445e-08 1.1472296382e-10
500 1000 0.025 0.025 0.375 0.375 1.68137201505e-07 2.6082957981e-10
500 1000 0.025 0.025 0.5 0.5 2.98901379367e-07 4.70417126875e-10
500 1000 0.025 0.025 1.0 1.0 1.19479862848e-06 2.06499155206e-09
500 1000 0.05 0 0.01 0 1.23773346508e-10 1.86926712744e-13
500 1000 0.05 0 0.05 0 3.09433365896e-09 4.67316781298e-12
500 1000 0.05 0 0.1 0 1.23773344113e-08 1.86926709141e-11
500 1000 0.05 0 0.25 0 7.73582830851e-08 1.168291075e-10
500 1000 0.05 0 0.2 0 4.95093232724e-08 7.47706620382e-11
500 1000 0.05 0 0.3 0 1.1139583723e-07 1.68233778808e-10
500 1000 0.05 0 0.5 0 3.09429623445e-07 4.67311152167e-10
500 1000 0.05 0 0.75 0 6.96182443509e-07 1.05139863749e-09
500 1000 0.05 0 1 0 1.23749397665e-06 1.86890691413e-09
500 1000 0.05 0.05 0.005 0.005 1.19565935791e-10 1.8202036026e-13
500 1000 0.05 0.05 0.025 0.025 2.98914839395e-09 4.55198679453e-12
500 1000 0.05 0.05 0.05 0.05 1.19565935253e-08 1.82264194673e-11
500 1000 0.05 0.05 0.15 0.15 1.0760930296e-07 1.65811062381e-10
500 1000 0.05 0.05 0.1 0.1 4.78263708706e-08 7.32012307636e-11
500 1000 0.05 0.05 0.25 0.25 2.98913998178e-07 4.70437053443e-10
500 1000 0.05 0.05 0.375 0.375 6.72548806021e-07 1.10176524927e-09
500 1000 0.05 0.05 0.5 0.5 1.19560551747e-06 2.06638426052e-09
500 1000 0.05 0.05 1.0 1.0 4.77919451392e-06 1.12135213526e-08
500 1000 0.125 0.125 0.005 0.005 7.47287098696e-10 1.13770806823e-12
500 1000 0.125 0.125 0.025 0.025 1.86821774622e-08 2.8500427843e-11
500 1000 0.125 0.125 0.05 0.05 7.47287095332e-08 1.14723287702e-10
500 1000 0.125 0.125 0.15 0.15 6.72558143503e-07 1.101780566e-09
500 1000 0.125 0.125 0.1 0.1 2.98914817941e-07 4.70438347946e-10
500 1000 0.125 0.125 0.25 0.25 1.86821248861e-06 3.44533400363e-09
500 1000 0.125 0.125 0.375 0.375 4.20343003763e-06 9.44308599686e-09
500 1000 0.125 0.125 0.5 0.5 7.47253448417e-06 2.09962158229e-08
500 1000 0.125 0.125 1.0 1.0 2.9869965712e-05 1.99302546019e-07
500 1000 0.15 0.15 0.005 0.005 1.07609342212e-09 1.63836057706e-12
500 1000 0.15 0.15 0.025 0.025 2.69023355455e-08 4.10787153499e-11
500 1000 0.15 0.15 0.05 0.05 1.07609341728e-07 1.65811122383e-10
500 1000 0.15 0.15 0.15 0.15 9.68483726644e-07 1.6359406336e-09
500 1000 0.15 0.15 0.1 0.1 4.30437337835e-07 6.87184629893e-10
500 1000 0.15 0.15 0.25 0.25 2.6902259836e-06 5.3422725046e-09
500 1000 0.15 0.15 0.375 0.375 6.05293925419e-06 1.55267925265e-08
500 1000 0.15 0.15 0.5 0.5 1.07604496572e-05 3.63301706346e-08
500 1000 0.15 0.15 1.0 1.0 4.30127506253e-05 3.84462986031e-07
500 1000 0.1 0 0.01 0 4.95093386031e-10 7.47706850976e-13
500 1000 0.1 0 0.05 0 1.23773346358e-08 1.86926712519e-11
500 1000 0.1 0 0.1 0 4.95093376451e-08 7.47706836565e-11
500 1000 0.1 0 0.25 0 3.0943313234e-07 4.6731643e-10
500 1000 0.1 0 0.2 0 1.9803729309e-07 2.99082648153e-10
500 1000 0.1 0 0.3 0 4.4558334892e-07 6.7293511523e-10
500 1000 0.1 0 0.5 0 1.23771849378e-06 1.86924460869e-09
500 1000 0.1 0 0.75 0 2.78472977404e-06 4.205594553e-09
500 1000 0.1 0 1 0 4.9499759066e-06 7.47562775443e-09
500 1000 0.1 0.1 0.005 0.005 4.78263743166e-10 7.28110996826e-13
500 1000 0.1 0.1 0.025 0.025 1.19565935758e-08 1.82264195446e-11
500 1000 0.1 0.1 0.05 0.05 4.78263741012e-08 7.32012357322e-11
500 1000 0.1 0.1 0.15 0.15 4.30437211842e-07 6.87184428219e-10
500 1000 0.1 0.1 0.1 0.1 1.91305483482e-07 2.97533848558e-10
500 1000 0.1 0.1 0.25 0.25 1.19565599271e-06 2.06647138437e-09
500 1000 0.1 0.1 0.375 0.375 2.69019522408e-06 5.3422118776e-09
500 1000 0.1 0.1 0.5 0.5 4.78242206987e-06 1.12209890904e-08
500 1000 0.1 0.1 1.0 1.0 1.91167780557e-05 9.211096772e-08
500 1000 0.25 0 0.01 0 3.0943336627e-09 4.6731678186e-12
500 1000 0.25 0 0.05 0 7.7358341474e-08 1.16829195324e-10
500 1000 0.25 0 0.1 0 3.09433360282e-07 4.67316772853e-10
500 1000 0.25 0 0.25 0 1.93395707713e-06 2.9207276875e-09
500 1000 0.25 0 0.2 0 1.23773308181e-06 1.86926655095e-09
500 1000 0.25 0 0.3 0 2.78489593075e-06 4.20584447019e-09
500 1000 0.25 0 0.5 0 7.73574058613e-06 1.16827788052e-08
500 1000 0.25 0 0.75 0 1.74045610877e-05 2.62849660897e-08
500 1000 0.25 0 1 0 3.09373494163e-05 4.6722677748e-08
500 1000 0.25 0.25 0.005 0.005 2.98914839479e-09 4.55198679582e-12
500 1000 0.25 0.25 0.025 0.025 7.47287098486e-08 1.14723288189e-10
500 1000 0.25 0.25 0.05 0.05 2.98914838133e-07 4.7043837983e-10
500 1000 0.25 0.25 0.15 0.15 2.69023257401e-06 5.34228549431e-09
500 1000 0.25 0.25 0.1 0.1 1.19565927177e-06 2.06647704426e-09
500 1000 0.25 0.25 0.25 0.25 7.47284995445e-06 2.09970848662e-08
500 1000 0.25 0.25 0.375 0.375 1.68137201505e-05 7.43016752575e-08
500 1000 0.25 0.25 0.5 0.5 2.98901379367e-05 1.99432208929e-07
500 1000 0.25 0.25 1.0 1.0 0.000119479862848 2.64318214929e-06
500 1000 0.2 0 0.01 0 1.98037354413e-09 2.9908274039e-12
500 1000 0.2 0 0.05 0 4.95093385433e-08 7.47706850077e-11
500 1000 0.2 0 0.1 0 1.9803735058e-07 2.99082734626e-10
500 1000 0.2 0 0.25 0 1.23773252936e-06 1.86926572e-09
500 1000 0.2 0 0.2 0 7.92149172358e-07 1.19633059261e-09
500 1000 0.2 0 0.3 0 1.78233339568e-06 2.69174046092e-09
500 1000 0.2 0 0.5 0 4.95087397513e-06 7.47697843509e-09
500 1000 0.2 0 0.75 0 1.11389190962e-05 1.68223782608e-08
500 1000 0.2 0 1 0 1.97999036264e-05 2.9902512584e-08
500 1000 0.35 0.35 0.005 0.005 5.85873085378e-09 8.92479058687e-12
500 1000 0.35 0.35 0.025 0.025 1.46468271303e-07 2.26667936768e-10
500 1000 0.35 0.35 0.05 0.05 5.8587308274e-07 9.51023895038e-10
500 1000 0.35 0.35 0.15 0.15 5.27285584506e-06 1.2817017081e-08
500 1000 0.35 0.35 0.1 0.1 2.34349217266e-06 4.5137297061e-09
500 1000 0.35 0.35 0.25 0.25 1.46467859107e-05 5.92571570566e-08
500 1000 0.35 0.35 0.375 0.375 3.2954891495e-05 2.37276069795e-07
500 1000 0.35 0.35 0.5 0.5 5.85846703559e-05 6.80521430237e-07
500 1000 0.35 0.35 1.0 1.0 0.000234180531182 9.81181147896e-06
500 1000 0.3 0 0.01 0 4.45584047428e-09 6.72936165878e-12
500 1000 0.3 0 0.05 0 1.11396011723e-07 1.68234041267e-10
500 1000 0.3 0 0.1 0 4.45584038805e-07 6.72936152909e-10
500 1000 0.3 0 0.25 0 2.78489819106e-06 4.20584787e-09
500 1000 0.3 0 0.2 0 1.78233563781e-06 2.69174383337e-09
500 1000 0.3 0 0.3 0 4.01025014028e-06 6.05641603707e-09
500 1000 0.3 0 0.5 0 1.1139466444e-05 1.68232014802e-08
500 1000 0.3 0 0.75 0 2.50625679663e-05 3.78503512698e-08
500 1000 0.3 0 1 0 4.45497831594e-05 6.72806591876e-08
500 1000 0.45 0.45 0.005 0.005 9.68484079911e-09 1.47596093057e-11
500 1000 0.45 0.45 0.025 0.025 2.4212101991e-07 3.78686008272e-10
500 1000 0.45 0.45 0.05 0.05 9.6848407555e-07 1.63594122285e-09
500 1000 0.45 0.45 0.15 0.15 8.7163535398e-06 2.63583925485e-08
500 1000 0.45 0.45 0.1 0.1 3.87393604052e-06 8.48291946373e-09
500 1000 0.45 0.45 0.25 0.25 2.42120338524e-05 1.37855913454e-07
500 1000 0.45 0.45 0.375 0.375 5.44764532877e-05 5.94224460668e-07
500 1000 0.45 0.45 0.5 0.5 9.68440469149e-05 1.7633212312e-06
500 1000 0.45 0.45 1.0 1.0 0.000387114755627 2.64270116767e-05
500 1000 0.55 0.55 0.005 0.005 1.44674782308e-08 2.2060226093e-11
500 1000 0.55 0.55 0.025 0.025 3.61686955667e-07 5.73141965614e-10
500 1000 0.55 0.55 0.05 0.05 1.44674781656e-06 2.56302176972e-09
500 1000 0.55 0.55 0.15 0.15 1.30207256582e-05 4.90307547699e-08
500 1000 0.55 0.55 0.1 0.1 5.78699087534e-06 1.45793487816e-08
500 1000 0.55 0.55 0.25 0.25 3.61685937795e-05 2.80437919894e-07
500 1000 0.55 0.55 0.375 0.375 8.13784055285e-05 1.26484616058e-06
500 1000 0.55 0.55 0.5 0.5 0.000144668267614 3.826129474e-06
500 1000 0.55 0.55 1.0 1.0 0.000578282536184 5.85376636783e-05
500 1000 0.5 0 0.01 0 1.23773346508e-08 1.86926712744e-11
500 1000 0.5 0 0.05 0 3.09433365896e-07 4.67316781298e-10
500 1000 0.5 0 0.1 0 1.23773344113e-06 1.86926709141e-09
500 1000 0.5 0 0.25 0 7.73582830851e-06 1.168291075e-08
500 1000 0.5 0 0.2 0 4.95093232724e-06 7.47706620382e-09
500 1000 0.5 0 0.3 0 1.1139583723e-05 1.68233778808e-08
500 1000 0.5 0 0.5 0 3.09429623445e-05 4.67311152342e-08
500 1000 0.5 0 0.75 0 6.96182443509e-05 1.05139866265e-07
500 1000 0.5 0 1 0 0.000123749397665 1.86890772175e-07
500 1000 0.5 0.5 0.005 0.005 1.19565935791e-08 1.82264195498e-11
500 1000 0.5 0.5 0.025 0.025 2.98914839395e-07 4.70438381823e-10
500 1000 0.5 0.5 0.05 0.05 1.19565935253e-06 2.06647718367e-09
500 1000 0.5 0.5 0.15 0.15 1.0760930296e-05 3.63317536621e-08
500 1000 0.5 0.5 0.1 0.1 4.78263708706e-06 1.12214866167e-08
500 1000 0.5 0.5 0.25 0.25 2.98913998178e-05 1.99440321091e-07
500 1000 0.5 0.5 0.375 0.375 6.72548806021e-05 8.81676001351e-07
500 1000 0.5 0.5 0.5 0.5 0.000119560551747 2.64488636592e-06
500 1000 0.5 0.5 1.0 1.0 0.000477919451392 4.01082800407e-05
500 1000 0.65 0.65 0.005 0.005 2.02066431488e-08 3.08313698746e-11
500 1000 0.65 0.65 0.025 0.025 5.05166078577e-07 8.12991387436e-10
500 1000 0.65 0.65 0.05 0.05 2.02066430578e-06 3.77955479373e-09
500 1000 0.65 0.65 0.15 0.15 1.81859722003e-05 8.46645323364e-08
500 1000 0.65 0.65 0.1 0.1 8.08265667713e-06 2.35596457403e-08
500 1000 0.65 0.65 0.25 0.25 5.05164656921e-05 5.16558883675e-07
500 1000 0.65 0.65 0.375 0.375 0.000113660748218 2.39876531042e-06
500 1000 0.65 0.65 0.5 0.5 0.000202057332452 7.34181848636e-06
500 1000 0.65 0.65 1.0 1.0 0.000807683872852 0.000113704868653
500 1000 0.7 0 0.01 0 2.42595759155e-08 3.66376356978e-11
500 1000 0.7 0 0.05 0 6.06489397156e-07 9.15940891344e-10
500 1000 0.7 0 0.1 0 2.42595754461e-06 3.66376349917e-09
500 1000 0.7 0 0.25 0 1.51622234847e-05 2.289850507e-08
500 1000 0.7 0 0.2 0 9.70382736139e-06 1.46550497595e-08
500 1000 0.7 0 0.3 0 2.18335840971e-05 3.29738206463e-08
500 1000 0.7 0 0.5 0 6.06482061953e-05 9.15929858922e-08
500 1000 0.7 0 0.75 0 0.000136451758928 2.06074142662e-07
500 1000 0.7 0 1 0 0.000242548819424 3.6630606696e-07
500 1000 0.8 0.8 0.005 0.005 3.06088795626e-08 4.67579957047e-11
500 1000 0.8 0.8 0.025 0.025 7.6522198885e-07 1.26579829321e-09
500 1000 0.8 0.8 0.05 0.05 3.06088794248e-06 6.27379815812e-09
500 1000 0.8 0.8 0.15 0.15 2.75479815579e-05 1.72682204074e-07
500 1000 0.8 0.8 0.1 0.1 1.22435509429e-05 4.44648698144e-08
500 1000 0.8 0.8 0.25 0.25 7.65219835335e-05 1.12532593375e-06
500 1000 0.8 0.8 0.375 0.375 0.000172172494341 5.3692726938e-06
500 1000 0.8 0.8 0.5 0.5 0.000306075012472 1.66066535136e-05
500 1000 0.8 0.8 1.0 1.0 0.00122347379556 0.000259948101231
500 1000 0.9 0 0.01 0 4.01025642685e-08 6.0564254929e-11
500 1000 0.9 0 0.05 0 1.0025641055e-06 1.51410637141e-09
500 1000 0.9 0 0.1 0 4.01025634925e-06 6.05642537618e-09
500 1000 0.9 0 0.25 0 2.50640837196e-05 3.785263083e-08
500 1000 0.9 0 0.2 0 1.60410207403e-05 2.42256945004e-08
500 1000 0.9 0 0.3 0 3.60922512625e-05 5.45077443338e-08
500 1000 0.9 0 0.5 0 0.000100255197996 1.51408813487e-07
500 1000 0.9 0 0.75 0 0.000225563111697 3.40653185146e-07
500 1000 0.9 0 1 0 0.000400948048435 6.05526693906e-07
500 1000 1.0 0 0.01 0 4.95093386031e-08 7.47706850976e-11
500 1000 1.0 0 0.05 0 1.23773346358e-06 1.86926712519e-09
500 1000 1.0 0 0.1 0 4.95093376451e-06 7.47706836565e-09
500 1000 1.0 0 0.2 0 1.9803729309e-05 2.99082648153e-08
500 1000 1.0 0 0.3 0 4.4558334892e-05 6.72935115232e-08
500 1000 1.0 0 0.5 0 0.000123771849378 1.86924461149e-07
500 1000 1.0 0 0.75 0 0.000278472977404 4.20559495562e-07
500 1000 1.0 0 1 0 0.00049499759066 7.47564067633e-07
500 1000 1.0 1.0 0.005 0.005 4.78263743166e-08 7.32012360634e-11
500 1000 1.0 1.0 0.025 0.025 1.19565935758e-06 2.06647719238e-09
500 1000 1.0 1.0 0.05 0.05 4.78263741012e-06 1.12214873643e-08
500 1000 1.0 1.0 0.15 0.15 4.30437211842e-05 3.84728801605e-07
500 1000 1.0 1.0 0.1 0.1 1.91305483482e-05 9.21752015016e-08
500 1000 1.0 1.0 0.25 0.25 0.000119565599271 2.64499299038e-06
500 1000 1.0 1.0 0.375 0.375 0.000269019522408 1.28782128105e-05
500 1000 1.0 1.0 0.5 0.5 0.000478242206987 4.0134065947e-05
500 1000 1.0 1.0 1.0 1.0 0.00191167780557 0.000633001943259
500 1000 1.1 0 0.01 0 5.99062997098e-08 9.04725289681e-11
500 1000 1.1 0 0.05 0 1.49765749094e-06 2.26181322148e-09
500 1000 1.1 0 0.1 0 5.99062985505e-06 9.04725272244e-09
500 1000 1.1 0 0.25 0 3.74414090132e-05 5.654528803e-08
500 1000 1.1 0 0.2 0 2.39625124638e-05 3.61890004265e-08
500 1000 1.1 0 0.3 0 5.39155852193e-05 8.14251489431e-08
500 1000 1.1 0 0.5 0 0.000149763937748 2.26178598061e-07
500 1000 1.1 0 0.75 0 0.000336952302659 5.08876999965e-07
500 1000 1.1 0 1 0 0.000598947084699 9.04552853496e-07
500 1000 1.3 0 0.01 0 8.36707822393e-08 1.26362457815e-10
500 1000 1.3 0 0.05 0 2.09176955346e-06 3.15906144157e-09
500 1000 1.3 0 0.1 0 8.36707806201e-06 1.2636245538e-08
500 1000 1.3 0 0.25 0 5.22941993655e-05 7.89764766699e-08
500 1000 1.3 0 0.2 0 3.34683025321e-05 5.05449675378e-08
500 1000 1.3 0 0.3 0 7.53035859674e-05 1.13726034474e-07
500 1000 1.3 0 0.5 0 0.000209174425449 3.1590233967e-07
500 1000 1.3 0 0.75 0 0.000470619331812 7.10745594925e-07
500 1000 1.3 0 1 0 0.000836545928216 1.26338479634e-06
500 1000 1.6 0 0.01 0 1.26743906824e-07 1.9141295385e-10
500 1000 1.6 0 0.05 0 3.16859766677e-06 4.78532384049e-09
500 1000 1.6 0 0.1 0 1.26743904371e-05 1.91412950161e-08
500 1000 1.6 0 0.25 0 7.92148818791e-05 1.1963300608e-07
500 1000 1.6 0 0.2 0 5.06975470309e-05 7.65651579272e-08
500 1000 1.6 0 0.3 0 0.000114069337323 1.722713895e-07
500 1000 1.6 0 0.5 0 0.000316855934408 4.78526621668e-07
500 1000 1.6 0 0.75 0 0.000712890822154 1.07663247106e-06
500 1000 1.6 0 1 0 0.00126719383209 1.91376922576e-06
500 1000 2.0 0 0.01 0 1.98037354413e-07 2.9908274039e-10
500 1000 2.0 0 0.05 0 4.95093385433e-06 7.47706850077e-09
500 1000 2.0 0 0.1 0 1.9803735058e-05 2.99082734626e-08
500 1000 2.0 0 0.25 0 0.000123773252936 1.86926572e-07
500 1000 2.0 0 0.2 0 7.92149172358e-05 1.19633059261e-07
500 1000 2.0 0 0.3 0 0.000178233339568 2.69174046095e-07
500 1000 2.0 0 0.5 0 0.000495087397513 7.47697847984e-07
500 1000 2.0 0 0.75 0 0.00111389190962 1.68223847027e-06
500 1000 2.0 0 1 0 0.00197999036264 2.99027193344e-06
